File,WaveData20230210_053.csv,
Date/Time,23-02-10/21:57,

Trace,A
Center Wavelength,1500.6,nm
Span Wavelength,499.8,nm
Start Wavelength,1250.7,nm
Stop Wavelength,1750.5,nm
Value In Air/Vacuum,Vacuum,
Optical Attenuater,Off,
Resolution,0.5,nm
Actual Resolution,0.483,nm
VBW,2000,Hz
Point Average,Off,
Sweep Average,1,
Smooth,Off,
Sampling Points,2001,pt
Trace Type,Write,
Trace Storage Mode,Off,
Trace Calculate Trace 1,-,
Trace Calculate Trace 2,-,
Dynamic Range,Normal,
Ext-Trigger,Off,
Interval Time,Off,
MM Mode,Off,
Start,1250.7,nm
Stop,1750.5,nm
Trace,B
Center Wavelength,1500.6,nm
Span Wavelength,499.8,nm
Start Wavelength,1250.7,nm
Stop Wavelength,1750.5,nm
Value In Air/Vacuum,Vacuum,
Optical Attenuater,Off,
Resolution,0.5,nm
Actual Resolution,0.483,nm
VBW,2000,Hz
Point Average,Off,
Sweep Average,1,
Smooth,Off,
Sampling Points,2001,pt
Trace Type,Write,
Trace Storage Mode,Off,
Trace Calculate Trace 1,-,
Trace Calculate Trace 2,-,
Dynamic Range,Normal,
Ext-Trigger,Off,
Interval Time,Off,
MM Mode,Off,
Start,1250.7,nm
Stop,1750.5,nm

Wavelength(A),Level(A),Wavelength(B),Level(B)
1250.700000,8.3540E-007,1250.700000,8.3540E-007
1250.949900,8.9570E-007,1250.949900,8.9570E-007
1251.199800,7.4620E-007,1251.199800,7.4620E-007
1251.449700,7.9330E-007,1251.449700,7.9330E-007
1251.699600,8.0550E-007,1251.699600,8.0550E-007
1251.949500,8.1900E-007,1251.949500,8.1900E-007
1252.199400,8.2270E-007,1252.199400,8.2270E-007
1252.449300,7.8120E-007,1252.449300,7.8120E-007
1252.699200,8.1050E-007,1252.699200,8.1050E-007
1252.949100,8.4590E-007,1252.949100,8.4590E-007
1253.199000,8.0560E-007,1253.199000,8.0560E-007
1253.448900,8.0460E-007,1253.448900,8.0460E-007
1253.698800,8.3970E-007,1253.698800,8.3970E-007
1253.948700,7.8980E-007,1253.948700,7.8980E-007
1254.198600,7.9640E-007,1254.198600,7.9640E-007
1254.448500,8.1500E-007,1254.448500,8.1500E-007
1254.698400,7.9030E-007,1254.698400,7.9030E-007
1254.948300,8.4070E-007,1254.948300,8.4070E-007
1255.198200,7.9120E-007,1255.198200,7.9120E-007
1255.448100,7.8250E-007,1255.448100,7.8250E-007
1255.698000,8.0720E-007,1255.698000,8.0720E-007
1255.947900,8.0300E-007,1255.947900,8.0300E-007
1256.197800,7.3990E-007,1256.197800,7.3990E-007
1256.447700,8.0870E-007,1256.447700,8.0870E-007
1256.697600,8.4270E-007,1256.697600,8.4270E-007
1256.947500,8.3500E-007,1256.947500,8.3500E-007
1257.197400,7.8920E-007,1257.197400,7.8920E-007
1257.447300,8.1860E-007,1257.447300,8.1860E-007
1257.697200,8.0570E-007,1257.697200,8.0570E-007
1257.947100,7.7410E-007,1257.947100,7.7410E-007
1258.197000,8.0830E-007,1258.197000,8.0830E-007
1258.446900,8.3350E-007,1258.446900,8.3350E-007
1258.696800,7.9730E-007,1258.696800,7.9730E-007
1258.946700,7.9480E-007,1258.946700,7.9480E-007
1259.196600,7.8130E-007,1259.196600,7.8130E-007
1259.446500,8.0460E-007,1259.446500,8.0460E-007
1259.696400,8.1850E-007,1259.696400,8.1850E-007
1259.946300,7.7050E-007,1259.946300,7.7050E-007
1260.196200,8.0480E-007,1260.196200,8.0480E-007
1260.446100,7.6490E-007,1260.446100,7.6490E-007
1260.696000,8.0380E-007,1260.696000,8.0380E-007
1260.945900,8.0710E-007,1260.945900,8.0710E-007
1261.195800,8.0400E-007,1261.195800,8.0400E-007
1261.445700,8.2380E-007,1261.445700,8.2380E-007
1261.695600,7.7740E-007,1261.695600,7.7740E-007
1261.945500,8.0700E-007,1261.945500,8.0700E-007
1262.195400,8.5330E-007,1262.195400,8.5330E-007
1262.445300,8.2040E-007,1262.445300,8.2040E-007
1262.695200,7.8890E-007,1262.695200,7.8890E-007
1262.945100,8.2700E-007,1262.945100,8.2700E-007
1263.195000,7.5910E-007,1263.195000,7.5910E-007
1263.444900,7.2710E-007,1263.444900,7.2710E-007
1263.694800,8.2960E-007,1263.694800,8.2960E-007
1263.944700,7.5070E-007,1263.944700,7.5070E-007
1264.194600,7.8590E-007,1264.194600,7.8590E-007
1264.444500,8.0130E-007,1264.444500,8.0130E-007
1264.694400,8.1090E-007,1264.694400,8.1090E-007
1264.944300,7.5220E-007,1264.944300,7.5220E-007
1265.194200,8.2260E-007,1265.194200,8.2260E-007
1265.444100,7.7420E-007,1265.444100,7.7420E-007
1265.694000,8.0120E-007,1265.694000,8.0120E-007
1265.943900,8.0650E-007,1265.943900,8.0650E-007
1266.193800,7.9360E-007,1266.193800,7.9360E-007
1266.443700,7.5960E-007,1266.443700,7.5960E-007
1266.693600,7.8560E-007,1266.693600,7.8560E-007
1266.943500,7.6250E-007,1266.943500,7.6250E-007
1267.193400,8.0580E-007,1267.193400,8.0580E-007
1267.443300,7.9250E-007,1267.443300,7.9250E-007
1267.693200,7.9720E-007,1267.693200,7.9720E-007
1267.943100,8.0080E-007,1267.943100,8.0080E-007
1268.193000,8.0420E-007,1268.193000,8.0420E-007
1268.442900,8.4120E-007,1268.442900,8.4120E-007
1268.692800,8.0170E-007,1268.692800,8.0170E-007
1268.942700,7.8640E-007,1268.942700,7.8640E-007
1269.192600,7.7620E-007,1269.192600,7.7620E-007
1269.442500,7.5870E-007,1269.442500,7.5870E-007
1269.692400,8.1090E-007,1269.692400,8.1090E-007
1269.942300,7.9700E-007,1269.942300,7.9700E-007
1270.192200,8.0120E-007,1270.192200,8.0120E-007
1270.442100,8.2450E-007,1270.442100,8.2450E-007
1270.692000,8.2350E-007,1270.692000,8.2350E-007
1270.941900,7.8440E-007,1270.941900,7.8440E-007
1271.191800,8.3570E-007,1271.191800,8.3570E-007
1271.441700,7.4670E-007,1271.441700,7.4670E-007
1271.691600,7.8760E-007,1271.691600,7.8760E-007
1271.941500,7.8050E-007,1271.941500,7.8050E-007
1272.191400,7.8620E-007,1272.191400,7.8620E-007
1272.441300,8.0510E-007,1272.441300,8.0510E-007
1272.691200,7.7870E-007,1272.691200,7.7870E-007
1272.941100,7.3860E-007,1272.941100,7.3860E-007
1273.191000,8.0900E-007,1273.191000,8.0900E-007
1273.440900,8.1540E-007,1273.440900,8.1540E-007
1273.690800,8.3740E-007,1273.690800,8.3740E-007
1273.940700,7.8350E-007,1273.940700,7.8350E-007
1274.190600,7.5140E-007,1274.190600,7.5140E-007
1274.440500,7.9050E-007,1274.440500,7.9050E-007
1274.690400,7.9510E-007,1274.690400,7.9510E-007
1274.940300,7.6930E-007,1274.940300,7.6930E-007
1275.190200,7.5620E-007,1275.190200,7.5620E-007
1275.440100,7.6250E-007,1275.440100,7.6250E-007
1275.690000,7.9420E-007,1275.690000,7.9420E-007
1275.939900,7.6470E-007,1275.939900,7.6470E-007
1276.189800,7.3740E-007,1276.189800,7.3740E-007
1276.439700,8.1190E-007,1276.439700,8.1190E-007
1276.689600,7.6230E-007,1276.689600,7.6230E-007
1276.939500,7.7380E-007,1276.939500,7.7380E-007
1277.189400,8.0640E-007,1277.189400,8.0640E-007
1277.439300,7.9600E-007,1277.439300,7.9600E-007
1277.689200,7.5430E-007,1277.689200,7.5430E-007
1277.939100,8.5220E-007,1277.939100,8.5220E-007
1278.189000,8.1220E-007,1278.189000,8.1220E-007
1278.438900,7.8250E-007,1278.438900,7.8250E-007
1278.688800,8.0100E-007,1278.688800,8.0100E-007
1278.938700,8.0420E-007,1278.938700,8.0420E-007
1279.188600,7.9440E-007,1279.188600,7.9440E-007
1279.438500,7.8560E-007,1279.438500,7.8560E-007
1279.688400,7.9000E-007,1279.688400,7.9000E-007
1279.938300,8.3700E-007,1279.938300,8.3700E-007
1280.188200,8.0100E-007,1280.188200,8.0100E-007
1280.438100,7.8090E-007,1280.438100,7.8090E-007
1280.688000,7.6890E-007,1280.688000,7.6890E-007
1280.937900,7.6590E-007,1280.937900,7.6590E-007
1281.187800,7.7330E-007,1281.187800,7.7330E-007
1281.437700,7.9550E-007,1281.437700,7.9550E-007
1281.687600,8.2990E-007,1281.687600,8.2990E-007
1281.937500,7.8880E-007,1281.937500,7.8880E-007
1282.187400,7.9600E-007,1282.187400,7.9600E-007
1282.437300,7.7810E-007,1282.437300,7.7810E-007
1282.687200,7.5920E-007,1282.687200,7.5920E-007
1282.937100,7.6030E-007,1282.937100,7.6030E-007
1283.187000,7.4280E-007,1283.187000,7.4280E-007
1283.436900,7.2430E-007,1283.436900,7.2430E-007
1283.686800,7.3640E-007,1283.686800,7.3640E-007
1283.936700,7.9190E-007,1283.936700,7.9190E-007
1284.186600,7.3470E-007,1284.186600,7.3470E-007
1284.436500,8.4680E-007,1284.436500,8.4680E-007
1284.686400,7.5810E-007,1284.686400,7.5810E-007
1284.936300,7.6920E-007,1284.936300,7.6920E-007
1285.186200,7.8520E-007,1285.186200,7.8520E-007
1285.436100,7.3420E-007,1285.436100,7.3420E-007
1285.686000,7.7940E-007,1285.686000,7.7940E-007
1285.935900,7.9530E-007,1285.935900,7.9530E-007
1286.185800,7.6920E-007,1286.185800,7.6920E-007
1286.435700,7.7040E-007,1286.435700,7.7040E-007
1286.685600,7.8210E-007,1286.685600,7.8210E-007
1286.935500,8.0850E-007,1286.935500,8.0850E-007
1287.185400,7.9060E-007,1287.185400,7.9060E-007
1287.435300,7.7860E-007,1287.435300,7.7860E-007
1287.685200,7.9390E-007,1287.685200,7.9390E-007
1287.935100,7.3930E-007,1287.935100,7.3930E-007
1288.185000,7.7210E-007,1288.185000,7.7210E-007
1288.434900,7.9760E-007,1288.434900,7.9760E-007
1288.684800,7.3690E-007,1288.684800,7.3690E-007
1288.934700,7.5260E-007,1288.934700,7.5260E-007
1289.184600,7.6790E-007,1289.184600,7.6790E-007
1289.434500,7.8060E-007,1289.434500,7.8060E-007
1289.684400,7.6310E-007,1289.684400,7.6310E-007
1289.934300,7.4460E-007,1289.934300,7.4460E-007
1290.184200,7.1510E-007,1290.184200,7.1510E-007
1290.434100,7.7910E-007,1290.434100,7.7910E-007
1290.684000,7.7390E-007,1290.684000,7.7390E-007
1290.933900,7.8680E-007,1290.933900,7.8680E-007
1291.183800,7.5980E-007,1291.183800,7.5980E-007
1291.433700,7.9740E-007,1291.433700,7.9740E-007
1291.683600,7.3940E-007,1291.683600,7.3940E-007
1291.933500,7.7150E-007,1291.933500,7.7150E-007
1292.183400,7.7110E-007,1292.183400,7.7110E-007
1292.433300,7.6360E-007,1292.433300,7.6360E-007
1292.683200,7.6420E-007,1292.683200,7.6420E-007
1292.933100,7.5040E-007,1292.933100,7.5040E-007
1293.183000,7.7540E-007,1293.183000,7.7540E-007
1293.432900,7.6720E-007,1293.432900,7.6720E-007
1293.682800,7.5830E-007,1293.682800,7.5830E-007
1293.932700,7.2920E-007,1293.932700,7.2920E-007
1294.182600,7.9140E-007,1294.182600,7.9140E-007
1294.432500,7.6970E-007,1294.432500,7.6970E-007
1294.682400,7.5400E-007,1294.682400,7.5400E-007
1294.932300,6.9990E-007,1294.932300,6.9990E-007
1295.182200,7.6020E-007,1295.182200,7.6020E-007
1295.432100,7.1070E-007,1295.432100,7.1070E-007
1295.682000,7.2850E-007,1295.682000,7.2850E-007
1295.931900,7.3280E-007,1295.931900,7.3280E-007
1296.181800,7.4600E-007,1296.181800,7.4600E-007
1296.431700,7.9370E-007,1296.431700,7.9370E-007
1296.681600,7.4880E-007,1296.681600,7.4880E-007
1296.931500,7.7670E-007,1296.931500,7.7670E-007
1297.181400,7.6020E-007,1297.181400,7.6020E-007
1297.431300,8.1190E-007,1297.431300,8.1190E-007
1297.681200,7.7470E-007,1297.681200,7.7470E-007
1297.931100,7.6380E-007,1297.931100,7.6380E-007
1298.181000,7.5540E-007,1298.181000,7.5540E-007
1298.430900,7.5710E-007,1298.430900,7.5710E-007
1298.680800,7.8670E-007,1298.680800,7.8670E-007
1298.930700,6.8750E-007,1298.930700,6.8750E-007
1299.180600,7.4950E-007,1299.180600,7.4950E-007
1299.430500,7.4170E-007,1299.430500,7.4170E-007
1299.680400,7.7520E-007,1299.680400,7.7520E-007
1299.930300,7.9710E-007,1299.930300,7.9710E-007
1300.180200,7.6250E-007,1300.180200,7.6250E-007
1300.430100,8.1160E-007,1300.430100,8.1160E-007
1300.680000,7.5990E-007,1300.680000,7.5990E-007
1300.929900,7.0270E-007,1300.929900,7.0270E-007
1301.179800,7.6920E-007,1301.179800,7.6920E-007
1301.429700,7.2500E-007,1301.429700,7.2500E-007
1301.679600,7.1270E-007,1301.679600,7.1270E-007
1301.929500,7.5980E-007,1301.929500,7.5980E-007
1302.179400,7.3590E-007,1302.179400,7.3590E-007
1302.429300,7.1000E-007,1302.429300,7.1000E-007
1302.679200,7.3910E-007,1302.679200,7.3910E-007
1302.929100,7.4340E-007,1302.929100,7.4340E-007
1303.179000,7.3540E-007,1303.179000,7.3540E-007
1303.428900,7.6840E-007,1303.428900,7.6840E-007
1303.678800,7.0640E-007,1303.678800,7.0640E-007
1303.928700,7.3510E-007,1303.928700,7.3510E-007
1304.178600,7.4010E-007,1304.178600,7.4010E-007
1304.428500,7.4720E-007,1304.428500,7.4720E-007
1304.678400,7.1240E-007,1304.678400,7.1240E-007
1304.928300,7.8520E-007,1304.928300,7.8520E-007
1305.178200,7.6470E-007,1305.178200,7.6470E-007
1305.428100,7.5080E-007,1305.428100,7.5080E-007
1305.678000,7.6050E-007,1305.678000,7.6050E-007
1305.927900,7.5730E-007,1305.927900,7.5730E-007
1306.177800,8.0560E-007,1306.177800,8.0560E-007
1306.427700,7.8440E-007,1306.427700,7.8440E-007
1306.677600,7.6240E-007,1306.677600,7.6240E-007
1306.927500,7.7020E-007,1306.927500,7.7020E-007
1307.177400,7.1980E-007,1307.177400,7.1980E-007
1307.427300,7.0770E-007,1307.427300,7.0770E-007
1307.677200,7.0780E-007,1307.677200,7.0780E-007
1307.927100,7.5070E-007,1307.927100,7.5070E-007
1308.177000,8.0460E-007,1308.177000,8.0460E-007
1308.426900,8.0850E-007,1308.426900,8.0850E-007
1308.676800,6.9630E-007,1308.676800,6.9630E-007
1308.926700,7.8110E-007,1308.926700,7.8110E-007
1309.176600,7.6900E-007,1309.176600,7.6900E-007
1309.426500,7.9580E-007,1309.426500,7.9580E-007
1309.676400,7.0890E-007,1309.676400,7.0890E-007
1309.926300,7.9680E-007,1309.926300,7.9680E-007
1310.176200,7.4590E-007,1310.176200,7.4590E-007
1310.426100,7.2320E-007,1310.426100,7.2320E-007
1310.676000,7.2200E-007,1310.676000,7.2200E-007
1310.925900,7.3580E-007,1310.925900,7.3580E-007
1311.175800,7.6440E-007,1311.175800,7.6440E-007
1311.425700,7.3090E-007,1311.425700,7.3090E-007
1311.675600,7.4130E-007,1311.675600,7.4130E-007
1311.925500,7.4710E-007,1311.925500,7.4710E-007
1312.175400,7.9490E-007,1312.175400,7.9490E-007
1312.425300,7.3760E-007,1312.425300,7.3760E-007
1312.675200,7.5160E-007,1312.675200,7.5160E-007
1312.925100,7.5000E-007,1312.925100,7.5000E-007
1313.175000,7.3760E-007,1313.175000,7.3760E-007
1313.424900,7.2930E-007,1313.424900,7.2930E-007
1313.674800,7.2600E-007,1313.674800,7.2600E-007
1313.924700,7.6080E-007,1313.924700,7.6080E-007
1314.174600,7.4880E-007,1314.174600,7.4880E-007
1314.424500,7.6710E-007,1314.424500,7.6710E-007
1314.674400,7.4070E-007,1314.674400,7.4070E-007
1314.924300,7.3200E-007,1314.924300,7.3200E-007
1315.174200,7.3090E-007,1315.174200,7.3090E-007
1315.424100,7.2820E-007,1315.424100,7.2820E-007
1315.674000,7.7810E-007,1315.674000,7.7810E-007
1315.923900,7.3160E-007,1315.923900,7.3160E-007
1316.173800,7.5970E-007,1316.173800,7.5970E-007
1316.423700,7.4750E-007,1316.423700,7.4750E-007
1316.673600,7.6030E-007,1316.673600,7.6030E-007
1316.923500,7.7740E-007,1316.923500,7.7740E-007
1317.173400,6.9680E-007,1317.173400,6.9680E-007
1317.423300,7.3300E-007,1317.423300,7.3300E-007
1317.673200,7.6300E-007,1317.673200,7.6300E-007
1317.923100,7.2570E-007,1317.923100,7.2570E-007
1318.173000,7.1290E-007,1318.173000,7.1290E-007
1318.422900,7.4440E-007,1318.422900,7.4440E-007
1318.672800,7.2010E-007,1318.672800,7.2010E-007
1318.922700,7.2130E-007,1318.922700,7.2130E-007
1319.172600,8.0710E-007,1319.172600,8.0710E-007
1319.422500,7.2510E-007,1319.422500,7.2510E-007
1319.672400,8.0940E-007,1319.672400,8.0940E-007
1319.922300,7.1550E-007,1319.922300,7.1550E-007
1320.172200,7.7300E-007,1320.172200,7.7300E-007
1320.422100,7.8550E-007,1320.422100,7.8550E-007
1320.672000,7.3030E-007,1320.672000,7.3030E-007
1320.921900,7.2170E-007,1320.921900,7.2170E-007
1321.171800,7.3430E-007,1321.171800,7.3430E-007
1321.421700,7.8130E-007,1321.421700,7.8130E-007
1321.671600,7.0590E-007,1321.671600,7.0590E-007
1321.921500,7.5120E-007,1321.921500,7.5120E-007
1322.171400,7.4180E-007,1322.171400,7.4180E-007
1322.421300,7.2570E-007,1322.421300,7.2570E-007
1322.671200,6.7310E-007,1322.671200,6.7310E-007
1322.921100,7.3740E-007,1322.921100,7.3740E-007
1323.171000,7.6260E-007,1323.171000,7.6260E-007
1323.420900,7.7290E-007,1323.420900,7.7290E-007
1323.670800,7.2950E-007,1323.670800,7.2950E-007
1323.920700,7.5140E-007,1323.920700,7.5140E-007
1324.170600,7.4450E-007,1324.170600,7.4450E-007
1324.420500,7.5940E-007,1324.420500,7.5940E-007
1324.670400,7.7270E-007,1324.670400,7.7270E-007
1324.920300,7.0370E-007,1324.920300,7.0370E-007
1325.170200,7.1040E-007,1325.170200,7.1040E-007
1325.420100,7.6710E-007,1325.420100,7.6710E-007
1325.670000,7.4980E-007,1325.670000,7.4980E-007
1325.919900,7.4060E-007,1325.919900,7.4060E-007
1326.169800,6.9510E-007,1326.169800,6.9510E-007
1326.419700,7.1010E-007,1326.419700,7.1010E-007
1326.669600,7.5730E-007,1326.669600,7.5730E-007
1326.919500,7.1430E-007,1326.919500,7.1430E-007
1327.169400,7.4270E-007,1327.169400,7.4270E-007
1327.419300,7.2380E-007,1327.419300,7.2380E-007
1327.669200,7.1870E-007,1327.669200,7.1870E-007
1327.919100,7.4430E-007,1327.919100,7.4430E-007
1328.169000,7.6040E-007,1328.169000,7.6040E-007
1328.418900,7.3490E-007,1328.418900,7.3490E-007
1328.668800,7.7200E-007,1328.668800,7.7200E-007
1328.918700,7.1010E-007,1328.918700,7.1010E-007
1329.168600,7.5780E-007,1329.168600,7.5780E-007
1329.418500,7.2720E-007,1329.418500,7.2720E-007
1329.668400,7.8050E-007,1329.668400,7.8050E-007
1329.918300,7.9180E-007,1329.918300,7.9180E-007
1330.168200,7.2400E-007,1330.168200,7.2400E-007
1330.418100,7.0870E-007,1330.418100,7.0870E-007
1330.668000,7.3460E-007,1330.668000,7.3460E-007
1330.917900,7.6780E-007,1330.917900,7.6780E-007
1331.167800,7.5790E-007,1331.167800,7.5790E-007
1331.417700,7.1920E-007,1331.417700,7.1920E-007
1331.667600,7.6430E-007,1331.667600,7.6430E-007
1331.917500,7.4950E-007,1331.917500,7.4950E-007
1332.167400,8.2720E-007,1332.167400,8.2720E-007
1332.417300,7.3230E-007,1332.417300,7.3230E-007
1332.667200,7.4150E-007,1332.667200,7.4150E-007
1332.917100,7.5830E-007,1332.917100,7.5830E-007
1333.167000,7.1800E-007,1333.167000,7.1800E-007
1333.416900,7.0200E-007,1333.416900,7.0200E-007
1333.666800,7.3140E-007,1333.666800,7.3140E-007
1333.916700,7.1340E-007,1333.916700,7.1340E-007
1334.166600,7.5570E-007,1334.166600,7.5570E-007
1334.416500,7.4640E-007,1334.416500,7.4640E-007
1334.666400,7.4670E-007,1334.666400,7.4670E-007
1334.916300,7.1150E-007,1334.916300,7.1150E-007
1335.166200,7.3790E-007,1335.166200,7.3790E-007
1335.416100,7.5920E-007,1335.416100,7.5920E-007
1335.666000,7.4980E-007,1335.666000,7.4980E-007
1335.915900,7.4440E-007,1335.915900,7.4440E-007
1336.165800,7.2920E-007,1336.165800,7.2920E-007
1336.415700,7.1250E-007,1336.415700,7.1250E-007
1336.665600,7.3870E-007,1336.665600,7.3870E-007
1336.915500,7.5370E-007,1336.915500,7.5370E-007
1337.165400,7.2490E-007,1337.165400,7.2490E-007
1337.415300,7.4460E-007,1337.415300,7.4460E-007
1337.665200,7.6370E-007,1337.665200,7.6370E-007
1337.915100,7.3370E-007,1337.915100,7.3370E-007
1338.165000,7.5700E-007,1338.165000,7.5700E-007
1338.414900,7.3790E-007,1338.414900,7.3790E-007
1338.664800,7.5960E-007,1338.664800,7.5960E-007
1338.914700,7.4900E-007,1338.914700,7.4900E-007
1339.164600,7.2640E-007,1339.164600,7.2640E-007
1339.414500,7.2370E-007,1339.414500,7.2370E-007
1339.664400,7.0470E-007,1339.664400,7.0470E-007
1339.914300,7.7060E-007,1339.914300,7.7060E-007
1340.164200,7.2880E-007,1340.164200,7.2880E-007
1340.414100,7.3860E-007,1340.414100,7.3860E-007
1340.664000,7.6690E-007,1340.664000,7.6690E-007
1340.913900,7.4390E-007,1340.913900,7.4390E-007
1341.163800,7.2250E-007,1341.163800,7.2250E-007
1341.413700,7.5650E-007,1341.413700,7.5650E-007
1341.663600,7.6790E-007,1341.663600,7.6790E-007
1341.913500,7.4250E-007,1341.913500,7.4250E-007
1342.163400,7.6740E-007,1342.163400,7.6740E-007
1342.413300,7.1690E-007,1342.413300,7.1690E-007
1342.663200,7.4500E-007,1342.663200,7.4500E-007
1342.913100,7.1620E-007,1342.913100,7.1620E-007
1343.163000,7.2970E-007,1343.163000,7.2970E-007
1343.412900,7.4850E-007,1343.412900,7.4850E-007
1343.662800,7.5820E-007,1343.662800,7.5820E-007
1343.912700,7.7430E-007,1343.912700,7.7430E-007
1344.162600,7.1000E-007,1344.162600,7.1000E-007
1344.412500,7.4200E-007,1344.412500,7.4200E-007
1344.662400,7.0050E-007,1344.662400,7.0050E-007
1344.912300,7.2340E-007,1344.912300,7.2340E-007
1345.162200,7.6570E-007,1345.162200,7.6570E-007
1345.412100,6.8840E-007,1345.412100,6.8840E-007
1345.662000,7.0850E-007,1345.662000,7.0850E-007
1345.911900,7.7250E-007,1345.911900,7.7250E-007
1346.161800,6.9660E-007,1346.161800,6.9660E-007
1346.411700,7.1360E-007,1346.411700,7.1360E-007
1346.661600,7.2880E-007,1346.661600,7.2880E-007
1346.911500,7.5550E-007,1346.911500,7.5550E-007
1347.161400,7.7220E-007,1347.161400,7.7220E-007
1347.411300,7.7930E-007,1347.411300,7.7930E-007
1347.661200,7.3010E-007,1347.661200,7.3010E-007
1347.911100,7.1510E-007,1347.911100,7.1510E-007
1348.161000,7.4850E-007,1348.161000,7.4850E-007
1348.410900,7.3670E-007,1348.410900,7.3670E-007
1348.660800,6.9620E-007,1348.660800,6.9620E-007
1348.910700,7.0820E-007,1348.910700,7.0820E-007
1349.160600,7.5150E-007,1349.160600,7.5150E-007
1349.410500,7.3660E-007,1349.410500,7.3660E-007
1349.660400,7.4480E-007,1349.660400,7.4480E-007
1349.910300,6.7690E-007,1349.910300,6.7690E-007
1350.160200,7.2670E-007,1350.160200,7.2670E-007
1350.410100,7.3820E-007,1350.410100,7.3820E-007
1350.660000,7.6280E-007,1350.660000,7.6280E-007
1350.909900,7.3760E-007,1350.909900,7.3760E-007
1351.159800,7.3670E-007,1351.159800,7.3670E-007
1351.409700,7.0240E-007,1351.409700,7.0240E-007
1351.659600,7.5290E-007,1351.659600,7.5290E-007
1351.909500,7.3470E-007,1351.909500,7.3470E-007
1352.159400,7.5410E-007,1352.159400,7.5410E-007
1352.409300,7.4450E-007,1352.409300,7.4450E-007
1352.659200,7.5380E-007,1352.659200,7.5380E-007
1352.909100,7.5190E-007,1352.909100,7.5190E-007
1353.159000,7.3060E-007,1353.159000,7.3060E-007
1353.408900,7.4710E-007,1353.408900,7.4710E-007
1353.658800,7.7600E-007,1353.658800,7.7600E-007
1353.908700,7.5320E-007,1353.908700,7.5320E-007
1354.158600,8.0010E-007,1354.158600,8.0010E-007
1354.408500,7.8470E-007,1354.408500,7.8470E-007
1354.658400,7.5690E-007,1354.658400,7.5690E-007
1354.908300,7.4790E-007,1354.908300,7.4790E-007
1355.158200,7.6520E-007,1355.158200,7.6520E-007
1355.408100,7.6030E-007,1355.408100,7.6030E-007
1355.658000,7.8900E-007,1355.658000,7.8900E-007
1355.907900,7.5280E-007,1355.907900,7.5280E-007
1356.157800,7.7170E-007,1356.157800,7.7170E-007
1356.407700,7.7300E-007,1356.407700,7.7300E-007
1356.657600,7.9920E-007,1356.657600,7.9920E-007
1356.907500,7.8750E-007,1356.907500,7.8750E-007
1357.157400,7.5240E-007,1357.157400,7.5240E-007
1357.407300,7.6970E-007,1357.407300,7.6970E-007
1357.657200,7.9620E-007,1357.657200,7.9620E-007
1357.907100,7.8920E-007,1357.907100,7.8920E-007
1358.157000,8.1380E-007,1358.157000,8.1380E-007
1358.406900,8.4990E-007,1358.406900,8.4990E-007
1358.656800,7.4980E-007,1358.656800,7.4980E-007
1358.906700,7.3420E-007,1358.906700,7.3420E-007
1359.156600,7.8970E-007,1359.156600,7.8970E-007
1359.406500,7.9800E-007,1359.406500,7.9800E-007
1359.656400,8.3150E-007,1359.656400,8.3150E-007
1359.906300,7.7810E-007,1359.906300,7.7810E-007
1360.156200,7.1450E-007,1360.156200,7.1450E-007
1360.406100,8.1080E-007,1360.406100,8.1080E-007
1360.656000,7.9710E-007,1360.656000,7.9710E-007
1360.905900,7.8430E-007,1360.905900,7.8430E-007
1361.155800,7.4940E-007,1361.155800,7.4940E-007
1361.405700,7.8140E-007,1361.405700,7.8140E-007
1361.655600,7.6730E-007,1361.655600,7.6730E-007
1361.905500,7.6870E-007,1361.905500,7.6870E-007
1362.155400,7.6870E-007,1362.155400,7.6870E-007
1362.405300,7.6140E-007,1362.405300,7.6140E-007
1362.655200,7.6450E-007,1362.655200,7.6450E-007
1362.905100,7.6790E-007,1362.905100,7.6790E-007
1363.155000,7.3760E-007,1363.155000,7.3760E-007
1363.404900,7.3740E-007,1363.404900,7.3740E-007
1363.654800,7.6420E-007,1363.654800,7.6420E-007
1363.904700,7.3770E-007,1363.904700,7.3770E-007
1364.154600,7.3280E-007,1364.154600,7.3280E-007
1364.404500,7.4330E-007,1364.404500,7.4330E-007
1364.654400,8.0240E-007,1364.654400,8.0240E-007
1364.904300,7.4830E-007,1364.904300,7.4830E-007
1365.154200,7.6730E-007,1365.154200,7.6730E-007
1365.404100,7.3510E-007,1365.404100,7.3510E-007
1365.654000,6.8770E-007,1365.654000,6.8770E-007
1365.903900,7.8080E-007,1365.903900,7.8080E-007
1366.153800,7.6090E-007,1366.153800,7.6090E-007
1366.403700,7.3650E-007,1366.403700,7.3650E-007
1366.653600,7.7470E-007,1366.653600,7.7470E-007
1366.903500,7.5300E-007,1366.903500,7.5300E-007
1367.153400,7.5630E-007,1367.153400,7.5630E-007
1367.403300,7.5180E-007,1367.403300,7.5180E-007
1367.653200,7.5720E-007,1367.653200,7.5720E-007
1367.903100,7.4050E-007,1367.903100,7.4050E-007
1368.153000,7.3620E-007,1368.153000,7.3620E-007
1368.402900,7.2470E-007,1368.402900,7.2470E-007
1368.652800,7.7760E-007,1368.652800,7.7760E-007
1368.902700,7.8580E-007,1368.902700,7.8580E-007
1369.152600,8.0800E-007,1369.152600,8.0800E-007
1369.402500,7.6180E-007,1369.402500,7.6180E-007
1369.652400,7.7390E-007,1369.652400,7.7390E-007
1369.902300,7.9580E-007,1369.902300,7.9580E-007
1370.152200,7.6620E-007,1370.152200,7.6620E-007
1370.402100,7.6340E-007,1370.402100,7.6340E-007
1370.652000,7.5290E-007,1370.652000,7.5290E-007
1370.901900,7.6350E-007,1370.901900,7.6350E-007
1371.151800,7.3290E-007,1371.151800,7.3290E-007
1371.401700,7.5180E-007,1371.401700,7.5180E-007
1371.651600,7.2820E-007,1371.651600,7.2820E-007
1371.901500,7.2470E-007,1371.901500,7.2470E-007
1372.151400,7.6190E-007,1372.151400,7.6190E-007
1372.401300,7.6720E-007,1372.401300,7.6720E-007
1372.651200,7.0270E-007,1372.651200,7.0270E-007
1372.901100,7.4520E-007,1372.901100,7.4520E-007
1373.151000,7.6000E-007,1373.151000,7.6000E-007
1373.400900,7.5660E-007,1373.400900,7.5660E-007
1373.650800,7.5160E-007,1373.650800,7.5160E-007
1373.900700,7.6270E-007,1373.900700,7.6270E-007
1374.150600,7.1100E-007,1374.150600,7.1100E-007
1374.400500,7.0180E-007,1374.400500,7.0180E-007
1374.650400,7.5010E-007,1374.650400,7.5010E-007
1374.900300,7.2820E-007,1374.900300,7.2820E-007
1375.150200,7.6590E-007,1375.150200,7.6590E-007
1375.400100,7.2560E-007,1375.400100,7.2560E-007
1375.650000,7.5960E-007,1375.650000,7.5960E-007
1375.899900,7.2830E-007,1375.899900,7.2830E-007
1376.149800,7.5000E-007,1376.149800,7.5000E-007
1376.399700,6.9980E-007,1376.399700,6.9980E-007
1376.649600,7.5140E-007,1376.649600,7.5140E-007
1376.899500,7.8570E-007,1376.899500,7.8570E-007
1377.149400,7.7700E-007,1377.149400,7.7700E-007
1377.399300,7.1560E-007,1377.399300,7.1560E-007
1377.649200,7.1070E-007,1377.649200,7.1070E-007
1377.899100,7.1090E-007,1377.899100,7.1090E-007
1378.149000,6.9230E-007,1378.149000,6.9230E-007
1378.398900,6.8000E-007,1378.398900,6.8000E-007
1378.648800,7.3270E-007,1378.648800,7.3270E-007
1378.898700,7.3110E-007,1378.898700,7.3110E-007
1379.148600,7.4700E-007,1379.148600,7.4700E-007
1379.398500,7.0850E-007,1379.398500,7.0850E-007
1379.648400,6.9440E-007,1379.648400,6.9440E-007
1379.898300,7.3920E-007,1379.898300,7.3920E-007
1380.148200,7.1760E-007,1380.148200,7.1760E-007
1380.398100,7.6940E-007,1380.398100,7.6940E-007
1380.648000,7.3980E-007,1380.648000,7.3980E-007
1380.897900,7.3350E-007,1380.897900,7.3350E-007
1381.147800,7.4360E-007,1381.147800,7.4360E-007
1381.397700,7.2040E-007,1381.397700,7.2040E-007
1381.647600,7.0660E-007,1381.647600,7.0660E-007
1381.897500,7.0690E-007,1381.897500,7.0690E-007
1382.147400,7.0440E-007,1382.147400,7.0440E-007
1382.397300,7.1790E-007,1382.397300,7.1790E-007
1382.647200,7.6320E-007,1382.647200,7.6320E-007
1382.897100,7.2650E-007,1382.897100,7.2650E-007
1383.147000,7.3010E-007,1383.147000,7.3010E-007
1383.396900,7.1130E-007,1383.396900,7.1130E-007
1383.646800,7.6100E-007,1383.646800,7.6100E-007
1383.896700,7.5550E-007,1383.896700,7.5550E-007
1384.146600,7.4440E-007,1384.146600,7.4440E-007
1384.396500,7.5020E-007,1384.396500,7.5020E-007
1384.646400,7.1700E-007,1384.646400,7.1700E-007
1384.896300,6.8950E-007,1384.896300,6.8950E-007
1385.146200,7.1860E-007,1385.146200,7.1860E-007
1385.396100,7.5180E-007,1385.396100,7.5180E-007
1385.646000,7.3190E-007,1385.646000,7.3190E-007
1385.895900,7.4530E-007,1385.895900,7.4530E-007
1386.145800,7.1560E-007,1386.145800,7.1560E-007
1386.395700,7.2840E-007,1386.395700,7.2840E-007
1386.645600,7.1530E-007,1386.645600,7.1530E-007
1386.895500,7.1220E-007,1386.895500,7.1220E-007
1387.145400,7.3100E-007,1387.145400,7.3100E-007
1387.395300,7.5460E-007,1387.395300,7.5460E-007
1387.645200,7.3910E-007,1387.645200,7.3910E-007
1387.895100,7.2200E-007,1387.895100,7.2200E-007
1388.145000,7.5500E-007,1388.145000,7.5500E-007
1388.394900,7.2760E-007,1388.394900,7.2760E-007
1388.644800,7.3110E-007,1388.644800,7.3110E-007
1388.894700,7.2340E-007,1388.894700,7.2340E-007
1389.144600,7.0670E-007,1389.144600,7.0670E-007
1389.394500,7.3270E-007,1389.394500,7.3270E-007
1389.644400,7.7570E-007,1389.644400,7.7570E-007
1389.894300,7.4590E-007,1389.894300,7.4590E-007
1390.144200,7.0330E-007,1390.144200,7.0330E-007
1390.394100,7.2380E-007,1390.394100,7.2380E-007
1390.644000,7.2880E-007,1390.644000,7.2880E-007
1390.893900,6.8980E-007,1390.893900,6.8980E-007
1391.143800,7.1390E-007,1391.143800,7.1390E-007
1391.393700,7.4480E-007,1391.393700,7.4480E-007
1391.643600,7.7650E-007,1391.643600,7.7650E-007
1391.893500,7.3980E-007,1391.893500,7.3980E-007
1392.143400,7.0890E-007,1392.143400,7.0890E-007
1392.393300,7.9790E-007,1392.393300,7.9790E-007
1392.643200,7.6710E-007,1392.643200,7.6710E-007
1392.893100,6.9940E-007,1392.893100,6.9940E-007
1393.143000,7.2990E-007,1393.143000,7.2990E-007
1393.392900,7.4810E-007,1393.392900,7.4810E-007
1393.642800,7.4110E-007,1393.642800,7.4110E-007
1393.892700,7.7120E-007,1393.892700,7.7120E-007
1394.142600,7.4050E-007,1394.142600,7.4050E-007
1394.392500,8.0690E-007,1394.392500,8.0690E-007
1394.642400,7.3780E-007,1394.642400,7.3780E-007
1394.892300,7.1290E-007,1394.892300,7.1290E-007
1395.142200,8.0940E-007,1395.142200,8.0940E-007
1395.392100,7.7470E-007,1395.392100,7.7470E-007
1395.642000,7.7280E-007,1395.642000,7.7280E-007
1395.891900,7.6310E-007,1395.891900,7.6310E-007
1396.141800,8.2070E-007,1396.141800,8.2070E-007
1396.391700,7.9700E-007,1396.391700,7.9700E-007
1396.641600,7.7170E-007,1396.641600,7.7170E-007
1396.891500,8.0820E-007,1396.891500,8.0820E-007
1397.141400,7.8320E-007,1397.141400,7.8320E-007
1397.391300,7.9560E-007,1397.391300,7.9560E-007
1397.641200,8.1800E-007,1397.641200,8.1800E-007
1397.891100,7.7220E-007,1397.891100,7.7220E-007
1398.141000,8.0730E-007,1398.141000,8.0730E-007
1398.390900,7.7460E-007,1398.390900,7.7460E-007
1398.640800,7.9350E-007,1398.640800,7.9350E-007
1398.890700,7.9580E-007,1398.890700,7.9580E-007
1399.140600,7.7330E-007,1399.140600,7.7330E-007
1399.390500,7.4150E-007,1399.390500,7.4150E-007
1399.640400,7.8750E-007,1399.640400,7.8750E-007
1399.890300,8.2650E-007,1399.890300,8.2650E-007
1400.140200,7.9800E-007,1400.140200,7.9800E-007
1400.390100,7.7100E-007,1400.390100,7.7100E-007
1400.640000,7.9610E-007,1400.640000,7.9610E-007
1400.889900,7.3400E-007,1400.889900,7.3400E-007
1401.139800,7.9440E-007,1401.139800,7.9440E-007
1401.389700,8.5860E-007,1401.389700,8.5860E-007
1401.639600,7.7910E-007,1401.639600,7.7910E-007
1401.889500,8.1030E-007,1401.889500,8.1030E-007
1402.139400,8.3920E-007,1402.139400,8.3920E-007
1402.389300,8.1290E-007,1402.389300,8.1290E-007
1402.639200,8.0990E-007,1402.639200,8.0990E-007
1402.889100,7.7870E-007,1402.889100,7.7870E-007
1403.139000,7.3890E-007,1403.139000,7.3890E-007
1403.388900,7.7300E-007,1403.388900,7.7300E-007
1403.638800,8.2990E-007,1403.638800,8.2990E-007
1403.888700,7.7680E-007,1403.888700,7.7680E-007
1404.138600,7.8940E-007,1404.138600,7.8940E-007
1404.388500,8.2910E-007,1404.388500,8.2910E-007
1404.638400,8.4530E-007,1404.638400,8.4530E-007
1404.888300,8.1000E-007,1404.888300,8.1000E-007
1405.138200,8.4500E-007,1405.138200,8.4500E-007
1405.388100,8.1810E-007,1405.388100,8.1810E-007
1405.638000,8.1480E-007,1405.638000,8.1480E-007
1405.887900,7.8540E-007,1405.887900,7.8540E-007
1406.137800,9.0240E-007,1406.137800,9.0240E-007
1406.387700,8.2180E-007,1406.387700,8.2180E-007
1406.637600,8.2210E-007,1406.637600,8.2210E-007
1406.887500,7.8540E-007,1406.887500,7.8540E-007
1407.137400,8.3700E-007,1407.137400,8.3700E-007
1407.387300,8.2790E-007,1407.387300,8.2790E-007
1407.637200,8.2620E-007,1407.637200,8.2620E-007
1407.887100,8.3090E-007,1407.887100,8.3090E-007
1408.137000,8.2620E-007,1408.137000,8.2620E-007
1408.386900,8.2980E-007,1408.386900,8.2980E-007
1408.636800,7.8410E-007,1408.636800,7.8410E-007
1408.886700,8.1120E-007,1408.886700,8.1120E-007
1409.136600,8.3740E-007,1409.136600,8.3740E-007
1409.386500,8.4890E-007,1409.386500,8.4890E-007
1409.636400,8.0920E-007,1409.636400,8.0920E-007
1409.886300,7.4880E-007,1409.886300,7.4880E-007
1410.136200,8.2030E-007,1410.136200,8.2030E-007
1410.386100,8.0140E-007,1410.386100,8.0140E-007
1410.636000,7.9090E-007,1410.636000,7.9090E-007
1410.885900,7.8590E-007,1410.885900,7.8590E-007
1411.135800,8.4590E-007,1411.135800,8.4590E-007
1411.385700,8.1900E-007,1411.385700,8.1900E-007
1411.635600,8.1030E-007,1411.635600,8.1030E-007
1411.885500,7.9520E-007,1411.885500,7.9520E-007
1412.135400,8.1550E-007,1412.135400,8.1550E-007
1412.385300,8.3610E-007,1412.385300,8.3610E-007
1412.635200,7.9350E-007,1412.635200,7.9350E-007
1412.885100,8.0870E-007,1412.885100,8.0870E-007
1413.135000,8.0590E-007,1413.135000,8.0590E-007
1413.384900,8.0580E-007,1413.384900,8.0580E-007
1413.634800,8.0610E-007,1413.634800,8.0610E-007
1413.884700,8.0900E-007,1413.884700,8.0900E-007
1414.134600,7.7970E-007,1414.134600,7.7970E-007
1414.384500,8.6280E-007,1414.384500,8.6280E-007
1414.634400,8.5810E-007,1414.634400,8.5810E-007
1414.884300,8.1260E-007,1414.884300,8.1260E-007
1415.134200,8.1920E-007,1415.134200,8.1920E-007
1415.384100,7.6940E-007,1415.384100,7.6940E-007
1415.634000,8.5020E-007,1415.634000,8.5020E-007
1415.883900,8.3370E-007,1415.883900,8.3370E-007
1416.133800,8.1620E-007,1416.133800,8.1620E-007
1416.383700,8.1300E-007,1416.383700,8.1300E-007
1416.633600,8.6000E-007,1416.633600,8.6000E-007
1416.883500,8.4830E-007,1416.883500,8.4830E-007
1417.133400,8.0400E-007,1417.133400,8.0400E-007
1417.383300,7.9090E-007,1417.383300,7.9090E-007
1417.633200,8.5220E-007,1417.633200,8.5220E-007
1417.883100,8.3990E-007,1417.883100,8.3990E-007
1418.133000,8.5720E-007,1418.133000,8.5720E-007
1418.382900,8.2840E-007,1418.382900,8.2840E-007
1418.632800,8.4750E-007,1418.632800,8.4750E-007
1418.882700,8.1360E-007,1418.882700,8.1360E-007
1419.132600,8.4260E-007,1419.132600,8.4260E-007
1419.382500,8.1440E-007,1419.382500,8.1440E-007
1419.632400,8.3940E-007,1419.632400,8.3940E-007
1419.882300,8.4440E-007,1419.882300,8.4440E-007
1420.132200,8.4450E-007,1420.132200,8.4450E-007
1420.382100,8.8150E-007,1420.382100,8.8150E-007
1420.632000,8.2400E-007,1420.632000,8.2400E-007
1420.881900,8.8900E-007,1420.881900,8.8900E-007
1421.131800,8.8160E-007,1421.131800,8.8160E-007
1421.381700,8.2520E-007,1421.381700,8.2520E-007
1421.631600,8.5130E-007,1421.631600,8.5130E-007
1421.881500,8.4020E-007,1421.881500,8.4020E-007
1422.131400,8.3020E-007,1422.131400,8.3020E-007
1422.381300,8.8450E-007,1422.381300,8.8450E-007
1422.631200,8.3030E-007,1422.631200,8.3030E-007
1422.881100,8.9000E-007,1422.881100,8.9000E-007
1423.131000,8.7000E-007,1423.131000,8.7000E-007
1423.380900,8.6400E-007,1423.380900,8.6400E-007
1423.630800,8.6180E-007,1423.630800,8.6180E-007
1423.880700,8.5310E-007,1423.880700,8.5310E-007
1424.130600,9.2130E-007,1424.130600,9.2130E-007
1424.380500,9.1230E-007,1424.380500,9.1230E-007
1424.630400,9.0970E-007,1424.630400,9.0970E-007
1424.880300,9.1060E-007,1424.880300,9.1060E-007
1425.130200,8.6610E-007,1425.130200,8.6610E-007
1425.380100,8.9900E-007,1425.380100,8.9900E-007
1425.630000,9.0670E-007,1425.630000,9.0670E-007
1425.879900,9.0010E-007,1425.879900,9.0010E-007
1426.129800,9.3650E-007,1426.129800,9.3650E-007
1426.379700,8.9100E-007,1426.379700,8.9100E-007
1426.629600,9.2220E-007,1426.629600,9.2220E-007
1426.879500,9.6150E-007,1426.879500,9.6150E-007
1427.129400,9.2360E-007,1427.129400,9.2360E-007
1427.379300,9.1370E-007,1427.379300,9.1370E-007
1427.629200,9.4870E-007,1427.629200,9.4870E-007
1427.879100,9.5680E-007,1427.879100,9.5680E-007
1428.129000,9.1050E-007,1428.129000,9.1050E-007
1428.378900,9.6270E-007,1428.378900,9.6270E-007
1428.628800,9.6600E-007,1428.628800,9.6600E-007
1428.878700,9.1370E-007,1428.878700,9.1370E-007
1429.128600,9.7830E-007,1429.128600,9.7830E-007
1429.378500,9.5970E-007,1429.378500,9.5970E-007
1429.628400,9.7600E-007,1429.628400,9.7600E-007
1429.878300,9.8480E-007,1429.878300,9.8480E-007
1430.128200,1.0090E-006,1430.128200,1.0090E-006
1430.378100,9.8820E-007,1430.378100,9.8820E-007
1430.628000,1.0190E-006,1430.628000,1.0190E-006
1430.877900,9.8060E-007,1430.877900,9.8060E-007
1431.127800,9.7720E-007,1431.127800,9.7720E-007
1431.377700,9.4910E-007,1431.377700,9.4910E-007
1431.627600,9.6320E-007,1431.627600,9.6320E-007
1431.877500,9.8470E-007,1431.877500,9.8470E-007
1432.127400,1.0120E-006,1432.127400,1.0120E-006
1432.377300,1.0000E-006,1432.377300,1.0000E-006
1432.627200,1.0080E-006,1432.627200,1.0080E-006
1432.877100,1.0130E-006,1432.877100,1.0130E-006
1433.127000,1.0140E-006,1433.127000,1.0140E-006
1433.376900,1.0530E-006,1433.376900,1.0530E-006
1433.626800,1.0190E-006,1433.626800,1.0190E-006
1433.876700,1.0450E-006,1433.876700,1.0450E-006
1434.126600,1.0290E-006,1434.126600,1.0290E-006
1434.376500,1.0110E-006,1434.376500,1.0110E-006
1434.626400,9.8730E-007,1434.626400,9.8730E-007
1434.876300,1.1040E-006,1434.876300,1.1040E-006
1435.126200,1.0460E-006,1435.126200,1.0460E-006
1435.376100,1.0900E-006,1435.376100,1.0900E-006
1435.626000,1.0620E-006,1435.626000,1.0620E-006
1435.875900,1.0650E-006,1435.875900,1.0650E-006
1436.125800,1.0600E-006,1436.125800,1.0600E-006
1436.375700,1.0960E-006,1436.375700,1.0960E-006
1436.625600,1.0960E-006,1436.625600,1.0960E-006
1436.875500,1.0890E-006,1436.875500,1.0890E-006
1437.125400,1.0840E-006,1437.125400,1.0840E-006
1437.375300,1.0960E-006,1437.375300,1.0960E-006
1437.625200,1.0860E-006,1437.625200,1.0860E-006
1437.875100,1.1090E-006,1437.875100,1.1090E-006
1438.125000,1.1350E-006,1438.125000,1.1350E-006
1438.374900,1.1850E-006,1438.374900,1.1850E-006
1438.624800,1.1300E-006,1438.624800,1.1300E-006
1438.874700,1.1910E-006,1438.874700,1.1910E-006
1439.124600,1.1350E-006,1439.124600,1.1350E-006
1439.374500,1.2260E-006,1439.374500,1.2260E-006
1439.624400,1.1190E-006,1439.624400,1.1190E-006
1439.874300,1.0940E-006,1439.874300,1.0940E-006
1440.124200,1.1980E-006,1440.124200,1.1980E-006
1440.374100,1.1880E-006,1440.374100,1.1880E-006
1440.624000,1.2080E-006,1440.624000,1.2080E-006
1440.873900,1.2230E-006,1440.873900,1.2230E-006
1441.123800,1.1680E-006,1441.123800,1.1680E-006
1441.373700,1.1830E-006,1441.373700,1.1830E-006
1441.623600,1.2230E-006,1441.623600,1.2230E-006
1441.873500,1.2110E-006,1441.873500,1.2110E-006
1442.123400,1.2320E-006,1442.123400,1.2320E-006
1442.373300,1.2370E-006,1442.373300,1.2370E-006
1442.623200,1.2410E-006,1442.623200,1.2410E-006
1442.873100,1.2370E-006,1442.873100,1.2370E-006
1443.123000,1.2460E-006,1443.123000,1.2460E-006
1443.372900,1.2390E-006,1443.372900,1.2390E-006
1443.622800,1.1900E-006,1443.622800,1.1900E-006
1443.872700,1.2890E-006,1443.872700,1.2890E-006
1444.122600,1.2660E-006,1444.122600,1.2660E-006
1444.372500,1.2300E-006,1444.372500,1.2300E-006
1444.622400,1.2990E-006,1444.622400,1.2990E-006
1444.872300,1.2410E-006,1444.872300,1.2410E-006
1445.122200,1.2490E-006,1445.122200,1.2490E-006
1445.372100,1.2970E-006,1445.372100,1.2970E-006
1445.622000,1.2600E-006,1445.622000,1.2600E-006
1445.871900,1.2530E-006,1445.871900,1.2530E-006
1446.121800,1.2980E-006,1446.121800,1.2980E-006
1446.371700,1.3020E-006,1446.371700,1.3020E-006
1446.621600,1.2960E-006,1446.621600,1.2960E-006
1446.871500,1.3110E-006,1446.871500,1.3110E-006
1447.121400,1.3350E-006,1447.121400,1.3350E-006
1447.371300,1.3560E-006,1447.371300,1.3560E-006
1447.621200,1.3280E-006,1447.621200,1.3280E-006
1447.871100,1.3310E-006,1447.871100,1.3310E-006
1448.121000,1.3530E-006,1448.121000,1.3530E-006
1448.370900,1.3690E-006,1448.370900,1.3690E-006
1448.620800,1.3760E-006,1448.620800,1.3760E-006
1448.870700,1.4060E-006,1448.870700,1.4060E-006
1449.120600,1.3840E-006,1449.120600,1.3840E-006
1449.370500,1.4200E-006,1449.370500,1.4200E-006
1449.620400,1.3770E-006,1449.620400,1.3770E-006
1449.870300,1.4380E-006,1449.870300,1.4380E-006
1450.120200,1.4060E-006,1450.120200,1.4060E-006
1450.370100,1.4740E-006,1450.370100,1.4740E-006
1450.620000,1.4600E-006,1450.620000,1.4600E-006
1450.869900,1.4180E-006,1450.869900,1.4180E-006
1451.119800,1.4710E-006,1451.119800,1.4710E-006
1451.369700,1.4970E-006,1451.369700,1.4970E-006
1451.619600,1.4750E-006,1451.619600,1.4750E-006
1451.869500,1.5370E-006,1451.869500,1.5370E-006
1452.119400,1.4970E-006,1452.119400,1.4970E-006
1452.369300,1.5040E-006,1452.369300,1.5040E-006
1452.619200,1.4790E-006,1452.619200,1.4790E-006
1452.869100,1.5640E-006,1452.869100,1.5640E-006
1453.119000,1.4860E-006,1453.119000,1.4860E-006
1453.368900,1.5140E-006,1453.368900,1.5140E-006
1453.618800,1.5470E-006,1453.618800,1.5470E-006
1453.868700,1.5650E-006,1453.868700,1.5650E-006
1454.118600,1.5390E-006,1454.118600,1.5390E-006
1454.368500,1.5800E-006,1454.368500,1.5800E-006
1454.618400,1.5860E-006,1454.618400,1.5860E-006
1454.868300,1.5980E-006,1454.868300,1.5980E-006
1455.118200,1.5690E-006,1455.118200,1.5690E-006
1455.368100,1.6520E-006,1455.368100,1.6520E-006
1455.618000,1.5640E-006,1455.618000,1.5640E-006
1455.867900,1.6340E-006,1455.867900,1.6340E-006
1456.117800,1.6240E-006,1456.117800,1.6240E-006
1456.367700,1.6810E-006,1456.367700,1.6810E-006
1456.617600,1.6750E-006,1456.617600,1.6750E-006
1456.867500,1.6700E-006,1456.867500,1.6700E-006
1457.117400,1.6560E-006,1457.117400,1.6560E-006
1457.367300,1.6670E-006,1457.367300,1.6670E-006
1457.617200,1.6900E-006,1457.617200,1.6900E-006
1457.867100,1.7580E-006,1457.867100,1.7580E-006
1458.117000,1.6990E-006,1458.117000,1.6990E-006
1458.366900,1.7040E-006,1458.366900,1.7040E-006
1458.616800,1.7460E-006,1458.616800,1.7460E-006
1458.866700,1.7530E-006,1458.866700,1.7530E-006
1459.116600,1.7780E-006,1459.116600,1.7780E-006
1459.366500,1.7550E-006,1459.366500,1.7550E-006
1459.616400,1.7890E-006,1459.616400,1.7890E-006
1459.866300,1.7620E-006,1459.866300,1.7620E-006
1460.116200,1.7720E-006,1460.116200,1.7720E-006
1460.366100,1.8190E-006,1460.366100,1.8190E-006
1460.616000,1.8060E-006,1460.616000,1.8060E-006
1460.865900,1.8400E-006,1460.865900,1.8400E-006
1461.115800,1.8820E-006,1461.115800,1.8820E-006
1461.365700,1.8810E-006,1461.365700,1.8810E-006
1461.615600,1.9260E-006,1461.615600,1.9260E-006
1461.865500,1.9100E-006,1461.865500,1.9100E-006
1462.115400,1.9350E-006,1462.115400,1.9350E-006
1462.365300,1.9570E-006,1462.365300,1.9570E-006
1462.615200,1.9050E-006,1462.615200,1.9050E-006
1462.865100,1.9670E-006,1462.865100,1.9670E-006
1463.115000,1.9760E-006,1463.115000,1.9760E-006
1463.364900,1.9870E-006,1463.364900,1.9870E-006
1463.614800,1.9790E-006,1463.614800,1.9790E-006
1463.864700,1.9490E-006,1463.864700,1.9490E-006
1464.114600,1.9770E-006,1464.114600,1.9770E-006
1464.364500,1.9630E-006,1464.364500,1.9630E-006
1464.614400,1.9900E-006,1464.614400,1.9900E-006
1464.864300,1.9710E-006,1464.864300,1.9710E-006
1465.114200,1.9930E-006,1465.114200,1.9930E-006
1465.364100,2.0220E-006,1465.364100,2.0220E-006
1465.614000,2.0120E-006,1465.614000,2.0120E-006
1465.863900,2.0020E-006,1465.863900,2.0020E-006
1466.113800,2.0530E-006,1466.113800,2.0530E-006
1466.363700,2.0260E-006,1466.363700,2.0260E-006
1466.613600,2.0150E-006,1466.613600,2.0150E-006
1466.863500,2.0630E-006,1466.863500,2.0630E-006
1467.113400,2.0750E-006,1467.113400,2.0750E-006
1467.363300,2.0520E-006,1467.363300,2.0520E-006
1467.613200,2.1010E-006,1467.613200,2.1010E-006
1467.863100,2.0380E-006,1467.863100,2.0380E-006
1468.113000,2.0720E-006,1468.113000,2.0720E-006
1468.362900,2.1080E-006,1468.362900,2.1080E-006
1468.612800,2.1430E-006,1468.612800,2.1430E-006
1468.862700,2.0910E-006,1468.862700,2.0910E-006
1469.112600,2.1040E-006,1469.112600,2.1040E-006
1469.362500,2.1050E-006,1469.362500,2.1050E-006
1469.612400,2.1190E-006,1469.612400,2.1190E-006
1469.862300,2.1110E-006,1469.862300,2.1110E-006
1470.112200,2.1420E-006,1470.112200,2.1420E-006
1470.362100,2.1360E-006,1470.362100,2.1360E-006
1470.612000,2.1920E-006,1470.612000,2.1920E-006
1470.861900,2.1830E-006,1470.861900,2.1830E-006
1471.111800,2.1430E-006,1471.111800,2.1430E-006
1471.361700,2.1860E-006,1471.361700,2.1860E-006
1471.611600,2.2160E-006,1471.611600,2.2160E-006
1471.861500,2.2280E-006,1471.861500,2.2280E-006
1472.111400,2.1290E-006,1472.111400,2.1290E-006
1472.361300,2.1640E-006,1472.361300,2.1640E-006
1472.611200,2.2070E-006,1472.611200,2.2070E-006
1472.861100,2.1440E-006,1472.861100,2.1440E-006
1473.111000,2.1650E-006,1473.111000,2.1650E-006
1473.360900,2.1730E-006,1473.360900,2.1730E-006
1473.610800,2.2060E-006,1473.610800,2.2060E-006
1473.860700,2.1380E-006,1473.860700,2.1380E-006
1474.110600,2.2300E-006,1474.110600,2.2300E-006
1474.360500,2.2010E-006,1474.360500,2.2010E-006
1474.610400,2.2130E-006,1474.610400,2.2130E-006
1474.860300,2.2070E-006,1474.860300,2.2070E-006
1475.110200,2.2070E-006,1475.110200,2.2070E-006
1475.360100,2.2260E-006,1475.360100,2.2260E-006
1475.610000,2.2150E-006,1475.610000,2.2150E-006
1475.859900,2.3150E-006,1475.859900,2.3150E-006
1476.109800,2.2440E-006,1476.109800,2.2440E-006
1476.359700,2.2820E-006,1476.359700,2.2820E-006
1476.609600,2.3170E-006,1476.609600,2.3170E-006
1476.859500,2.3220E-006,1476.859500,2.3220E-006
1477.109400,2.2810E-006,1477.109400,2.2810E-006
1477.359300,2.3560E-006,1477.359300,2.3560E-006
1477.609200,2.2970E-006,1477.609200,2.2970E-006
1477.859100,2.3570E-006,1477.859100,2.3570E-006
1478.109000,2.4410E-006,1478.109000,2.4410E-006
1478.358900,2.3390E-006,1478.358900,2.3390E-006
1478.608800,2.4030E-006,1478.608800,2.4030E-006
1478.858700,2.3740E-006,1478.858700,2.3740E-006
1479.108600,2.3650E-006,1479.108600,2.3650E-006
1479.358500,2.3670E-006,1479.358500,2.3670E-006
1479.608400,2.3930E-006,1479.608400,2.3930E-006
1479.858300,2.4040E-006,1479.858300,2.4040E-006
1480.108200,2.4340E-006,1480.108200,2.4340E-006
1480.358100,2.4070E-006,1480.358100,2.4070E-006
1480.608000,2.4530E-006,1480.608000,2.4530E-006
1480.857900,2.4390E-006,1480.857900,2.4390E-006
1481.107800,2.4410E-006,1481.107800,2.4410E-006
1481.357700,2.5090E-006,1481.357700,2.5090E-006
1481.607600,2.4860E-006,1481.607600,2.4860E-006
1481.857500,2.4620E-006,1481.857500,2.4620E-006
1482.107400,2.4430E-006,1482.107400,2.4430E-006
1482.357300,2.4870E-006,1482.357300,2.4870E-006
1482.607200,2.5890E-006,1482.607200,2.5890E-006
1482.857100,2.4970E-006,1482.857100,2.4970E-006
1483.107000,2.5190E-006,1483.107000,2.5190E-006
1483.356900,2.5820E-006,1483.356900,2.5820E-006
1483.606800,2.5700E-006,1483.606800,2.5700E-006
1483.856700,2.5820E-006,1483.856700,2.5820E-006
1484.106600,2.6440E-006,1484.106600,2.6440E-006
1484.356500,2.5840E-006,1484.356500,2.5840E-006
1484.606400,2.6850E-006,1484.606400,2.6850E-006
1484.856300,2.6350E-006,1484.856300,2.6350E-006
1485.106200,2.6190E-006,1485.106200,2.6190E-006
1485.356100,2.6830E-006,1485.356100,2.6830E-006
1485.606000,2.6970E-006,1485.606000,2.6970E-006
1485.855900,2.7530E-006,1485.855900,2.7530E-006
1486.105800,2.6960E-006,1486.105800,2.6960E-006
1486.355700,2.7280E-006,1486.355700,2.7280E-006
1486.605600,2.8290E-006,1486.605600,2.8290E-006
1486.855500,2.6920E-006,1486.855500,2.6920E-006
1487.105400,2.7700E-006,1487.105400,2.7700E-006
1487.355300,2.8160E-006,1487.355300,2.8160E-006
1487.605200,2.7650E-006,1487.605200,2.7650E-006
1487.855100,2.8440E-006,1487.855100,2.8440E-006
1488.105000,2.8240E-006,1488.105000,2.8240E-006
1488.354900,2.7990E-006,1488.354900,2.7990E-006
1488.604800,2.9070E-006,1488.604800,2.9070E-006
1488.854700,2.9010E-006,1488.854700,2.9010E-006
1489.104600,2.8590E-006,1489.104600,2.8590E-006
1489.354500,2.9310E-006,1489.354500,2.9310E-006
1489.604400,2.9360E-006,1489.604400,2.9360E-006
1489.854300,2.9690E-006,1489.854300,2.9690E-006
1490.104200,2.9450E-006,1490.104200,2.9450E-006
1490.354100,2.9890E-006,1490.354100,2.9890E-006
1490.604000,3.0850E-006,1490.604000,3.0850E-006
1490.853900,3.0820E-006,1490.853900,3.0820E-006
1491.103800,3.1010E-006,1491.103800,3.1010E-006
1491.353700,3.0930E-006,1491.353700,3.0930E-006
1491.603600,3.1640E-006,1491.603600,3.1640E-006
1491.853500,3.1800E-006,1491.853500,3.1800E-006
1492.103400,3.0950E-006,1492.103400,3.0950E-006
1492.353300,3.1740E-006,1492.353300,3.1740E-006
1492.603200,3.1740E-006,1492.603200,3.1740E-006
1492.853100,3.2200E-006,1492.853100,3.2200E-006
1493.103000,3.2530E-006,1493.103000,3.2530E-006
1493.352900,3.2560E-006,1493.352900,3.2560E-006
1493.602800,3.2700E-006,1493.602800,3.2700E-006
1493.852700,3.3050E-006,1493.852700,3.3050E-006
1494.102600,3.3030E-006,1494.102600,3.3030E-006
1494.352500,3.3320E-006,1494.352500,3.3320E-006
1494.602400,3.3430E-006,1494.602400,3.3430E-006
1494.852300,3.3880E-006,1494.852300,3.3880E-006
1495.102200,3.3810E-006,1495.102200,3.3810E-006
1495.352100,3.4570E-006,1495.352100,3.4570E-006
1495.602000,3.4840E-006,1495.602000,3.4840E-006
1495.851900,3.5060E-006,1495.851900,3.5060E-006
1496.101800,3.5440E-006,1496.101800,3.5440E-006
1496.351700,3.4970E-006,1496.351700,3.4970E-006
1496.601600,3.5290E-006,1496.601600,3.5290E-006
1496.851500,3.5690E-006,1496.851500,3.5690E-006
1497.101400,3.6420E-006,1497.101400,3.6420E-006
1497.351300,3.6710E-006,1497.351300,3.6710E-006
1497.601200,3.7070E-006,1497.601200,3.7070E-006
1497.851100,3.6940E-006,1497.851100,3.6940E-006
1498.101000,3.6950E-006,1498.101000,3.6950E-006
1498.350900,3.7620E-006,1498.350900,3.7620E-006
1498.600800,3.7130E-006,1498.600800,3.7130E-006
1498.850700,3.7350E-006,1498.850700,3.7350E-006
1499.100600,3.8020E-006,1499.100600,3.8020E-006
1499.350500,3.8520E-006,1499.350500,3.8520E-006
1499.600400,3.8590E-006,1499.600400,3.8590E-006
1499.850300,3.9060E-006,1499.850300,3.9060E-006
1500.100200,4.0030E-006,1500.100200,4.0030E-006
1500.350100,3.9740E-006,1500.350100,3.9740E-006
1500.600000,4.0290E-006,1500.600000,4.0290E-006
1500.849900,4.0720E-006,1500.849900,4.0720E-006
1501.099800,4.1650E-006,1501.099800,4.1650E-006
1501.349700,4.1540E-006,1501.349700,4.1540E-006
1501.599600,4.2310E-006,1501.599600,4.2310E-006
1501.849500,4.2600E-006,1501.849500,4.2600E-006
1502.099400,4.2780E-006,1502.099400,4.2780E-006
1502.349300,4.3470E-006,1502.349300,4.3470E-006
1502.599200,4.4230E-006,1502.599200,4.4230E-006
1502.849100,4.3950E-006,1502.849100,4.3950E-006
1503.099000,4.4970E-006,1503.099000,4.4970E-006
1503.348900,4.5150E-006,1503.348900,4.5150E-006
1503.598800,4.5300E-006,1503.598800,4.5300E-006
1503.848700,4.5880E-006,1503.848700,4.5880E-006
1504.098600,4.5930E-006,1504.098600,4.5930E-006
1504.348500,4.6830E-006,1504.348500,4.6830E-006
1504.598400,4.7290E-006,1504.598400,4.7290E-006
1504.848300,4.7900E-006,1504.848300,4.7900E-006
1505.098200,4.8430E-006,1505.098200,4.8430E-006
1505.348100,4.8800E-006,1505.348100,4.8800E-006
1505.598000,4.9300E-006,1505.598000,4.9300E-006
1505.847900,4.9530E-006,1505.847900,4.9530E-006
1506.097800,5.0400E-006,1506.097800,5.0400E-006
1506.347700,5.1350E-006,1506.347700,5.1350E-006
1506.597600,5.1750E-006,1506.597600,5.1750E-006
1506.847500,5.2180E-006,1506.847500,5.2180E-006
1507.097400,5.2090E-006,1507.097400,5.2090E-006
1507.347300,5.3760E-006,1507.347300,5.3760E-006
1507.597200,5.3390E-006,1507.597200,5.3390E-006
1507.847100,5.4170E-006,1507.847100,5.4170E-006
1508.097000,5.4630E-006,1508.097000,5.4630E-006
1508.346900,5.5120E-006,1508.346900,5.5120E-006
1508.596800,5.5960E-006,1508.596800,5.5960E-006
1508.846700,5.6680E-006,1508.846700,5.6680E-006
1509.096600,5.7450E-006,1509.096600,5.7450E-006
1509.346500,5.8610E-006,1509.346500,5.8610E-006
1509.596400,5.9450E-006,1509.596400,5.9450E-006
1509.846300,6.0490E-006,1509.846300,6.0490E-006
1510.096200,6.0930E-006,1510.096200,6.0930E-006
1510.346100,6.2110E-006,1510.346100,6.2110E-006
1510.596000,6.2590E-006,1510.596000,6.2590E-006
1510.845900,6.4310E-006,1510.845900,6.4310E-006
1511.095800,6.3970E-006,1511.095800,6.3970E-006
1511.345700,6.6160E-006,1511.345700,6.6160E-006
1511.595600,6.6200E-006,1511.595600,6.6200E-006
1511.845500,6.7540E-006,1511.845500,6.7540E-006
1512.095400,6.8710E-006,1512.095400,6.8710E-006
1512.345300,7.0760E-006,1512.345300,7.0760E-006
1512.595200,7.0850E-006,1512.595200,7.0850E-006
1512.845100,7.2870E-006,1512.845100,7.2870E-006
1513.095000,7.4100E-006,1513.095000,7.4100E-006
1513.344900,7.5730E-006,1513.344900,7.5730E-006
1513.594800,7.6440E-006,1513.594800,7.6440E-006
1513.844700,7.7940E-006,1513.844700,7.7940E-006
1514.094600,7.9670E-006,1514.094600,7.9670E-006
1514.344500,8.2210E-006,1514.344500,8.2210E-006
1514.594400,8.3160E-006,1514.594400,8.3160E-006
1514.844300,8.5390E-006,1514.844300,8.5390E-006
1515.094200,8.8150E-006,1515.094200,8.8150E-006
1515.344100,9.3180E-006,1515.344100,9.3180E-006
1515.594000,9.7390E-006,1515.594000,9.7390E-006
1515.843900,1.0020E-005,1515.843900,1.0020E-005
1516.093800,1.0400E-005,1516.093800,1.0400E-005
1516.343700,1.0840E-005,1516.343700,1.0840E-005
1516.593600,1.0900E-005,1516.593600,1.0900E-005
1516.843500,1.1780E-005,1516.843500,1.1780E-005
1517.093400,1.2230E-005,1517.093400,1.2230E-005
1517.343300,1.2940E-005,1517.343300,1.2940E-005
1517.593200,1.2930E-005,1517.593200,1.2930E-005
1517.843100,1.3640E-005,1517.843100,1.3640E-005
1518.093000,1.4260E-005,1518.093000,1.4260E-005
1518.342900,1.4790E-005,1518.342900,1.4790E-005
1518.592800,1.6050E-005,1518.592800,1.6050E-005
1518.842700,1.6980E-005,1518.842700,1.6980E-005
1519.092600,1.9030E-005,1519.092600,1.9030E-005
1519.342500,1.9120E-005,1519.342500,1.9120E-005
1519.592400,2.0030E-005,1519.592400,2.0030E-005
1519.842300,2.0950E-005,1519.842300,2.0950E-005
1520.092200,2.2920E-005,1520.092200,2.2920E-005
1520.342100,2.4380E-005,1520.342100,2.4380E-005
1520.592000,2.6790E-005,1520.592000,2.6790E-005
1520.841900,2.9400E-005,1520.841900,2.9400E-005
1521.091800,3.1910E-005,1521.091800,3.1910E-005
1521.341700,3.3120E-005,1521.341700,3.3120E-005
1521.591600,3.8410E-005,1521.591600,3.8410E-005
1521.841500,3.9630E-005,1521.841500,3.9630E-005
1522.091400,4.2400E-005,1522.091400,4.2400E-005
1522.341300,4.7360E-005,1522.341300,4.7360E-005
1522.591200,5.0320E-005,1522.591200,5.0320E-005
1522.841100,5.7930E-005,1522.841100,5.7930E-005
1523.091000,7.3380E-005,1523.091000,7.3380E-005
1523.340900,8.9200E-005,1523.340900,8.9200E-005
1523.590800,1.0620E-004,1523.590800,1.0620E-004
1523.840700,1.1150E-004,1523.840700,1.1150E-004
1524.090600,1.2860E-004,1524.090600,1.2860E-004
1524.340500,1.3810E-004,1524.340500,1.3810E-004
1524.590400,1.6400E-004,1524.590400,1.6400E-004
1524.840300,1.9740E-004,1524.840300,1.9740E-004
1525.090200,2.2730E-004,1525.090200,2.2730E-004
1525.340100,2.7770E-004,1525.340100,2.7770E-004
1525.590000,2.8790E-004,1525.590000,2.8790E-004
1525.839900,3.8580E-004,1525.839900,3.8580E-004
1526.089800,3.4410E-004,1526.089800,3.4410E-004
1526.339700,4.2240E-004,1526.339700,4.2240E-004
1526.589600,4.5460E-004,1526.589600,4.5460E-004
1526.839500,5.3550E-004,1526.839500,5.3550E-004
1527.089400,5.6590E-004,1527.089400,5.6590E-004
1527.339300,6.4440E-004,1527.339300,6.4440E-004
1527.589200,6.7840E-004,1527.589200,6.7840E-004
1527.839100,6.6690E-004,1527.839100,6.6690E-004
1528.089000,6.4350E-004,1528.089000,6.4350E-004
1528.338900,6.3900E-004,1528.338900,6.3900E-004
1528.588800,7.1890E-004,1528.588800,7.1890E-004
1528.838700,7.4300E-004,1528.838700,7.4300E-004
1529.088600,7.8910E-004,1529.088600,7.8910E-004
1529.338500,8.4440E-004,1529.338500,8.4440E-004
1529.588400,9.1980E-004,1529.588400,9.1980E-004
1529.838300,9.9230E-004,1529.838300,9.9230E-004
1530.088200,1.0980E-003,1530.088200,1.0980E-003
1530.338100,1.3230E-003,1530.338100,1.3230E-003
1530.588000,1.4040E-003,1530.588000,1.4040E-003
1530.837900,1.4160E-003,1530.837900,1.4160E-003
1531.087800,1.8600E-003,1531.087800,1.8600E-003
1531.337700,2.2070E-003,1531.337700,2.2070E-003
1531.587600,2.4490E-003,1531.587600,2.4490E-003
1531.837500,2.0330E-003,1531.837500,2.0330E-003
1532.087400,2.0500E-003,1532.087400,2.0500E-003
1532.337300,1.9030E-003,1532.337300,1.9030E-003
1532.587200,2.1590E-003,1532.587200,2.1590E-003
1532.837100,2.7360E-003,1532.837100,2.7360E-003
1533.087000,2.6440E-003,1533.087000,2.6440E-003
1533.336900,2.8410E-003,1533.336900,2.8410E-003
1533.586800,2.7360E-003,1533.586800,2.7360E-003
1533.836700,2.8680E-003,1533.836700,2.8680E-003
1534.086600,3.2170E-003,1534.086600,3.2170E-003
1534.336500,3.0270E-003,1534.336500,3.0270E-003
1534.586400,2.4970E-003,1534.586400,2.4970E-003
1534.836300,2.5430E-003,1534.836300,2.5430E-003
1535.086200,2.1000E-003,1535.086200,2.1000E-003
1535.336100,1.4180E-003,1535.336100,1.4180E-003
1535.586000,1.4250E-003,1535.586000,1.4250E-003
1535.835900,2.1480E-003,1535.835900,2.1480E-003
1536.085800,1.7680E-003,1536.085800,1.7680E-003
1536.335700,2.6720E-003,1536.335700,2.6720E-003
1536.585600,3.0950E-003,1536.585600,3.0950E-003
1536.835500,3.8510E-003,1536.835500,3.8510E-003
1537.085400,3.9230E-003,1537.085400,3.9230E-003
1537.335300,4.8990E-003,1537.335300,4.8990E-003
1537.585200,4.5070E-003,1537.585200,4.5070E-003
1537.835100,5.9830E-003,1537.835100,5.9830E-003
1538.085000,6.1350E-003,1538.085000,6.1350E-003
1538.334900,6.8700E-003,1538.334900,6.8700E-003
1538.584800,6.4450E-003,1538.584800,6.4450E-003
1538.834700,7.9710E-003,1538.834700,7.9710E-003
1539.084600,8.1600E-003,1539.084600,8.1600E-003
1539.334500,9.5050E-003,1539.334500,9.5050E-003
1539.584400,9.7700E-003,1539.584400,9.7700E-003
1539.834300,8.2750E-003,1539.834300,8.2750E-003
1540.084200,8.1020E-003,1540.084200,8.1020E-003
1540.334100,9.0780E-003,1540.334100,9.0780E-003
1540.584000,9.4180E-003,1540.584000,9.4180E-003
1540.833900,7.6530E-003,1540.833900,7.6530E-003
1541.083800,8.2240E-003,1541.083800,8.2240E-003
1541.333700,1.0080E-002,1541.333700,1.0080E-002
1541.583600,1.4470E-002,1541.583600,1.4470E-002
1541.833500,2.5600E-002,1541.833500,2.5600E-002
1542.083400,3.4730E-002,1542.083400,3.4730E-002
1542.333300,2.9810E-002,1542.333300,2.9810E-002
1542.583200,2.6520E-002,1542.583200,2.6520E-002
1542.833100,4.6210E-002,1542.833100,4.6210E-002
1543.083000,5.1660E-002,1543.083000,5.1660E-002
1543.332900,4.2520E-002,1543.332900,4.2520E-002
1543.582800,3.4290E-002,1543.582800,3.4290E-002
1543.832700,1.3590E-002,1543.832700,1.3590E-002
1544.082600,1.0230E-002,1544.082600,1.0230E-002
1544.332500,2.0350E-002,1544.332500,2.0350E-002
1544.582400,2.5640E-002,1544.582400,2.5640E-002
1544.832300,3.6040E-002,1544.832300,3.6040E-002
1545.082200,3.2210E-002,1545.082200,3.2210E-002
1545.332100,2.0530E-002,1545.332100,2.0530E-002
1545.582000,1.2080E-002,1545.582000,1.2080E-002
1545.831900,1.2530E-002,1545.831900,1.2530E-002
1546.081800,2.2090E-002,1546.081800,2.2090E-002
1546.331700,3.9670E-002,1546.331700,3.9670E-002
1546.581600,5.0070E-002,1546.581600,5.0070E-002
1546.831500,6.8670E-002,1546.831500,6.8670E-002
1547.081400,6.1200E-002,1547.081400,6.1200E-002
1547.331300,4.3840E-002,1547.331300,4.3840E-002
1547.581200,2.9340E-002,1547.581200,2.9340E-002
1547.831100,2.2670E-002,1547.831100,2.2670E-002
1548.081000,2.8150E-002,1548.081000,2.8150E-002
1548.330900,5.1720E-002,1548.330900,5.1720E-002
1548.580800,6.8140E-002,1548.580800,6.8140E-002
1548.830700,1.0090E-001,1548.830700,1.0090E-001
1549.080600,9.6030E-002,1549.080600,9.6030E-002
1549.330500,8.6290E-002,1549.330500,8.6290E-002
1549.580400,6.8770E-002,1549.580400,6.8770E-002
1549.830300,5.1360E-002,1549.830300,5.1360E-002
1550.080200,3.3680E-002,1550.080200,3.3680E-002
1550.330100,3.7400E-002,1550.330100,3.7400E-002
1550.580000,4.0620E-002,1550.580000,4.0620E-002
1550.829900,6.4710E-002,1550.829900,6.4710E-002
1551.079800,9.4860E-002,1551.079800,9.4860E-002
1551.329700,9.6300E-002,1551.329700,9.6300E-002
1551.579600,1.0770E-001,1551.579600,1.0770E-001
1551.829500,9.7870E-002,1551.829500,9.7870E-002
1552.079400,7.5100E-002,1552.079400,7.5100E-002
1552.329300,7.5790E-002,1552.329300,7.5790E-002
1552.579200,4.9860E-002,1552.579200,4.9860E-002
1552.829100,3.5710E-002,1552.829100,3.5710E-002
1553.079000,2.5160E-002,1553.079000,2.5160E-002
1553.328900,1.9880E-002,1553.328900,1.9880E-002
1553.578800,1.7140E-002,1553.578800,1.7140E-002
1553.828700,1.7510E-002,1553.828700,1.7510E-002
1554.078600,1.7520E-002,1554.078600,1.7520E-002
1554.328500,3.5820E-002,1554.328500,3.5820E-002
1554.578400,4.4830E-002,1554.578400,4.4830E-002
1554.828300,7.8580E-002,1554.828300,7.8580E-002
1555.078200,1.6520E-001,1555.078200,1.6520E-001
1555.328100,1.6570E-001,1555.328100,1.6570E-001
1555.578000,2.5070E-001,1555.578000,2.5070E-001
1555.827900,3.4530E-001,1555.827900,3.4530E-001
1556.077800,3.9220E-001,1556.077800,3.9220E-001
1556.327700,4.4430E-001,1556.327700,4.4430E-001
1556.577600,4.5430E-001,1556.577600,4.5430E-001
1556.827500,4.1910E-001,1556.827500,4.1910E-001
1557.077400,4.3340E-001,1557.077400,4.3340E-001
1557.327300,2.9730E-001,1557.327300,2.9730E-001
1557.577200,2.2170E-001,1557.577200,2.2170E-001
1557.827100,2.4520E-001,1557.827100,2.4520E-001
1558.077000,1.1730E-001,1558.077000,1.1730E-001
1558.326900,1.0390E-001,1558.326900,1.0390E-001
1558.576800,7.2140E-002,1558.576800,7.2140E-002
1558.826700,3.5650E-002,1558.826700,3.5650E-002
1559.076600,2.6040E-002,1559.076600,2.6040E-002
1559.326500,2.1410E-002,1559.326500,2.1410E-002
1559.576400,2.5440E-002,1559.576400,2.5440E-002
1559.826300,3.2960E-002,1559.826300,3.2960E-002
1560.076200,4.0150E-002,1560.076200,4.0150E-002
1560.326100,6.0530E-002,1560.326100,6.0530E-002
1560.576000,9.0020E-002,1560.576000,9.0020E-002
1560.825900,1.0000E-001,1560.825900,1.0000E-001
1561.075800,1.2470E-001,1561.075800,1.2470E-001
1561.325700,1.6010E-001,1561.325700,1.6010E-001
1561.575600,1.5220E-001,1561.575600,1.5220E-001
1561.825500,1.7380E-001,1561.825500,1.7380E-001
1562.075400,1.2740E-001,1562.075400,1.2740E-001
1562.325300,1.0100E-001,1562.325300,1.0100E-001
1562.575200,9.6210E-002,1562.575200,9.6210E-002
1562.825100,8.1440E-002,1562.825100,8.1440E-002
1563.075000,7.7000E-002,1563.075000,7.7000E-002
1563.324900,9.9060E-002,1563.324900,9.9060E-002
1563.574800,1.2340E-001,1563.574800,1.2340E-001
1563.824700,1.1130E-001,1563.824700,1.1130E-001
1564.074600,1.4410E-001,1564.074600,1.4410E-001
1564.324500,1.1970E-001,1564.324500,1.1970E-001
1564.574400,1.1410E-001,1564.574400,1.1410E-001
1564.824300,9.6700E-002,1564.824300,9.6700E-002
1565.074200,4.5230E-002,1565.074200,4.5230E-002
1565.324100,4.6080E-002,1565.324100,4.6080E-002
1565.574000,4.5120E-002,1565.574000,4.5120E-002
1565.823900,5.1610E-002,1565.823900,5.1610E-002
1566.073800,7.5960E-002,1566.073800,7.5960E-002
1566.323700,7.8050E-002,1566.323700,7.8050E-002
1566.573600,7.3630E-002,1566.573600,7.3630E-002
1566.823500,5.4000E-002,1566.823500,5.4000E-002
1567.073400,3.6990E-002,1567.073400,3.6990E-002
1567.323300,2.7750E-002,1567.323300,2.7750E-002
1567.573200,2.6440E-002,1567.573200,2.6440E-002
1567.823100,3.2670E-002,1567.823100,3.2670E-002
1568.073000,4.8650E-002,1568.073000,4.8650E-002
1568.322900,4.2320E-002,1568.322900,4.2320E-002
1568.572800,3.3290E-002,1568.572800,3.3290E-002
1568.822700,2.3010E-002,1568.822700,2.3010E-002
1569.072600,1.5290E-002,1569.072600,1.5290E-002
1569.322500,1.4900E-002,1569.322500,1.4900E-002
1569.572400,2.3900E-002,1569.572400,2.3900E-002
1569.822300,2.2540E-002,1569.822300,2.2540E-002
1570.072200,2.1390E-002,1570.072200,2.1390E-002
1570.322100,1.8220E-002,1570.322100,1.8220E-002
1570.572000,1.0180E-002,1570.572000,1.0180E-002
1570.821900,1.1070E-002,1570.821900,1.1070E-002
1571.071800,1.2320E-002,1571.071800,1.2320E-002
1571.321700,1.4340E-002,1571.321700,1.4340E-002
1571.571600,1.4830E-002,1571.571600,1.4830E-002
1571.821500,8.8140E-003,1571.821500,8.8140E-003
1572.071400,6.7220E-003,1572.071400,6.7220E-003
1572.321300,6.0440E-003,1572.321300,6.0440E-003
1572.571200,8.1440E-003,1572.571200,8.1440E-003
1572.821100,8.3620E-003,1572.821100,8.3620E-003
1573.071000,6.0240E-003,1573.071000,6.0240E-003
1573.320900,4.4250E-003,1573.320900,4.4250E-003
1573.570800,4.0840E-003,1573.570800,4.0840E-003
1573.820700,5.6100E-003,1573.820700,5.6100E-003
1574.070600,4.1170E-003,1574.070600,4.1170E-003
1574.320500,4.1540E-003,1574.320500,4.1540E-003
1574.570400,3.2150E-003,1574.570400,3.2150E-003
1574.820300,4.0010E-003,1574.820300,4.0010E-003
1575.070200,3.6850E-003,1575.070200,3.6850E-003
1575.320100,3.3070E-003,1575.320100,3.3070E-003
1575.570000,2.7570E-003,1575.570000,2.7570E-003
1575.819900,2.4520E-003,1575.819900,2.4520E-003
1576.069800,2.1110E-003,1576.069800,2.1110E-003
1576.319700,2.0950E-003,1576.319700,2.0950E-003
1576.569600,1.6250E-003,1576.569600,1.6250E-003
1576.819500,1.2420E-003,1576.819500,1.2420E-003
1577.069400,1.2150E-003,1577.069400,1.2150E-003
1577.319300,1.0380E-003,1577.319300,1.0380E-003
1577.569200,9.9210E-004,1577.569200,9.9210E-004
1577.819100,9.5430E-004,1577.819100,9.5430E-004
1578.069000,7.0180E-004,1578.069000,7.0180E-004
1578.318900,5.9760E-004,1578.318900,5.9760E-004
1578.568800,6.4840E-004,1578.568800,6.4840E-004
1578.818700,4.6340E-004,1578.818700,4.6340E-004
1579.068600,6.7130E-004,1579.068600,6.7130E-004
1579.318500,7.4390E-004,1579.318500,7.4390E-004
1579.568400,6.7820E-004,1579.568400,6.7820E-004
1579.818300,5.1210E-004,1579.818300,5.1210E-004
1580.068200,3.9830E-004,1580.068200,3.9830E-004
1580.318100,3.3870E-004,1580.318100,3.3870E-004
1580.568000,2.9180E-004,1580.568000,2.9180E-004
1580.817900,3.0850E-004,1580.817900,3.0850E-004
1581.067800,2.4800E-004,1581.067800,2.4800E-004
1581.317700,2.3920E-004,1581.317700,2.3920E-004
1581.567600,3.0460E-004,1581.567600,3.0460E-004
1581.817500,2.1670E-004,1581.817500,2.1670E-004
1582.067400,1.6640E-004,1582.067400,1.6640E-004
1582.317300,1.7070E-004,1582.317300,1.7070E-004
1582.567200,1.5240E-004,1582.567200,1.5240E-004
1582.817100,1.5220E-004,1582.817100,1.5220E-004
1583.067000,1.3730E-004,1583.067000,1.3730E-004
1583.316900,1.4020E-004,1583.316900,1.4020E-004
1583.566800,1.2500E-004,1583.566800,1.2500E-004
1583.816700,1.1390E-004,1583.816700,1.1390E-004
1584.066600,1.3010E-004,1584.066600,1.3010E-004
1584.316500,1.1170E-004,1584.316500,1.1170E-004
1584.566400,9.4350E-005,1584.566400,9.4350E-005
1584.816300,1.0390E-004,1584.816300,1.0390E-004
1585.066200,9.8450E-005,1585.066200,9.8450E-005
1585.316100,9.4480E-005,1585.316100,9.4480E-005
1585.566000,9.9670E-005,1585.566000,9.9670E-005
1585.815900,8.9380E-005,1585.815900,8.9380E-005
1586.065800,9.3270E-005,1586.065800,9.3270E-005
1586.315700,9.2270E-005,1586.315700,9.2270E-005
1586.565600,9.1560E-005,1586.565600,9.1560E-005
1586.815500,8.8170E-005,1586.815500,8.8170E-005
1587.065400,8.9070E-005,1587.065400,8.9070E-005
1587.315300,8.4770E-005,1587.315300,8.4770E-005
1587.565200,8.0590E-005,1587.565200,8.0590E-005
1587.815100,6.9200E-005,1587.815100,6.9200E-005
1588.065000,6.6410E-005,1588.065000,6.6410E-005
1588.314900,6.4500E-005,1588.314900,6.4500E-005
1588.564800,6.2050E-005,1588.564800,6.2050E-005
1588.814700,5.9300E-005,1588.814700,5.9300E-005
1589.064600,5.0920E-005,1589.064600,5.0920E-005
1589.314500,5.0390E-005,1589.314500,5.0390E-005
1589.564400,4.8070E-005,1589.564400,4.8070E-005
1589.814300,4.2660E-005,1589.814300,4.2660E-005
1590.064200,4.1110E-005,1590.064200,4.1110E-005
1590.314100,3.8960E-005,1590.314100,3.8960E-005
1590.564000,3.5610E-005,1590.564000,3.5610E-005
1590.813900,3.2840E-005,1590.813900,3.2840E-005
1591.063800,3.0610E-005,1591.063800,3.0610E-005
1591.313700,2.8850E-005,1591.313700,2.8850E-005
1591.563600,2.7710E-005,1591.563600,2.7710E-005
1591.813500,2.5840E-005,1591.813500,2.5840E-005
1592.063400,2.4680E-005,1592.063400,2.4680E-005
1592.313300,2.3370E-005,1592.313300,2.3370E-005
1592.563200,2.3250E-005,1592.563200,2.3250E-005
1592.813100,2.1080E-005,1592.813100,2.1080E-005
1593.063000,2.0770E-005,1593.063000,2.0770E-005
1593.312900,1.9090E-005,1593.312900,1.9090E-005
1593.562800,1.7800E-005,1593.562800,1.7800E-005
1593.812700,1.7800E-005,1593.812700,1.7800E-005
1594.062600,1.7300E-005,1594.062600,1.7300E-005
1594.312500,1.6730E-005,1594.312500,1.6730E-005
1594.562400,1.6080E-005,1594.562400,1.6080E-005
1594.812300,1.5700E-005,1594.812300,1.5700E-005
1595.062200,1.4820E-005,1595.062200,1.4820E-005
1595.312100,1.4320E-005,1595.312100,1.4320E-005
1595.562000,1.3890E-005,1595.562000,1.3890E-005
1595.811900,1.3210E-005,1595.811900,1.3210E-005
1596.061800,1.2930E-005,1596.061800,1.2930E-005
1596.311700,1.2410E-005,1596.311700,1.2410E-005
1596.561600,1.2250E-005,1596.561600,1.2250E-005
1596.811500,1.2180E-005,1596.811500,1.2180E-005
1597.061400,1.1590E-005,1597.061400,1.1590E-005
1597.311300,1.1340E-005,1597.311300,1.1340E-005
1597.561200,1.1070E-005,1597.561200,1.1070E-005
1597.811100,1.1050E-005,1597.811100,1.1050E-005
1598.061000,1.0820E-005,1598.061000,1.0820E-005
1598.310900,1.0730E-005,1598.310900,1.0730E-005
1598.560800,1.0770E-005,1598.560800,1.0770E-005
1598.810700,1.0360E-005,1598.810700,1.0360E-005
1599.060600,1.0200E-005,1599.060600,1.0200E-005
1599.310500,9.9770E-006,1599.310500,9.9770E-006
1599.560400,9.8420E-006,1599.560400,9.8420E-006
1599.810300,9.6420E-006,1599.810300,9.6420E-006
1600.060200,9.6100E-006,1600.060200,9.6100E-006
1600.310100,9.5600E-006,1600.310100,9.5600E-006
1600.560000,9.2800E-006,1600.560000,9.2800E-006
1600.809900,9.2420E-006,1600.809900,9.2420E-006
1601.059800,9.0060E-006,1601.059800,9.0060E-006
1601.309700,8.9260E-006,1601.309700,8.9260E-006
1601.559600,8.7320E-006,1601.559600,8.7320E-006
1601.809500,8.7520E-006,1601.809500,8.7520E-006
1602.059400,8.5740E-006,1602.059400,8.5740E-006
1602.309300,8.5260E-006,1602.309300,8.5260E-006
1602.559200,8.4450E-006,1602.559200,8.4450E-006
1602.809100,8.3750E-006,1602.809100,8.3750E-006
1603.059000,8.2800E-006,1603.059000,8.2800E-006
1603.308900,8.0990E-006,1603.308900,8.0990E-006
1603.558800,8.0520E-006,1603.558800,8.0520E-006
1603.808700,7.8650E-006,1603.808700,7.8650E-006
1604.058600,7.9380E-006,1604.058600,7.9380E-006
1604.308500,7.7560E-006,1604.308500,7.7560E-006
1604.558400,7.6760E-006,1604.558400,7.6760E-006
1604.808300,7.6510E-006,1604.808300,7.6510E-006
1605.058200,7.5770E-006,1605.058200,7.5770E-006
1605.308100,7.3730E-006,1605.308100,7.3730E-006
1605.558000,7.3910E-006,1605.558000,7.3910E-006
1605.807900,7.3620E-006,1605.807900,7.3620E-006
1606.057800,7.2490E-006,1606.057800,7.2490E-006
1606.307700,7.2210E-006,1606.307700,7.2210E-006
1606.557600,7.0350E-006,1606.557600,7.0350E-006
1606.807500,7.0100E-006,1606.807500,7.0100E-006
1607.057400,6.9100E-006,1607.057400,6.9100E-006
1607.307300,6.9850E-006,1607.307300,6.9850E-006
1607.557200,6.7990E-006,1607.557200,6.7990E-006
1607.807100,6.7280E-006,1607.807100,6.7280E-006
1608.057000,6.7000E-006,1608.057000,6.7000E-006
1608.306900,6.8120E-006,1608.306900,6.8120E-006
1608.556800,6.5500E-006,1608.556800,6.5500E-006
1608.806700,6.4930E-006,1608.806700,6.4930E-006
1609.056600,6.4190E-006,1609.056600,6.4190E-006
1609.306500,6.3690E-006,1609.306500,6.3690E-006
1609.556400,6.3200E-006,1609.556400,6.3200E-006
1609.806300,6.2560E-006,1609.806300,6.2560E-006
1610.056200,6.2650E-006,1610.056200,6.2650E-006
1610.306100,6.1550E-006,1610.306100,6.1550E-006
1610.556000,6.0320E-006,1610.556000,6.0320E-006
1610.805900,5.9950E-006,1610.805900,5.9950E-006
1611.055800,6.0940E-006,1611.055800,6.0940E-006
1611.305700,5.9910E-006,1611.305700,5.9910E-006
1611.555600,6.0040E-006,1611.555600,6.0040E-006
1611.805500,5.8720E-006,1611.805500,5.8720E-006
1612.055400,5.7840E-006,1612.055400,5.7840E-006
1612.305300,5.8290E-006,1612.305300,5.8290E-006
1612.555200,5.7090E-006,1612.555200,5.7090E-006
1612.805100,5.6140E-006,1612.805100,5.6140E-006
1613.055000,5.6550E-006,1613.055000,5.6550E-006
1613.304900,5.6190E-006,1613.304900,5.6190E-006
1613.554800,5.5020E-006,1613.554800,5.5020E-006
1613.804700,5.4780E-006,1613.804700,5.4780E-006
1614.054600,5.5010E-006,1614.054600,5.5010E-006
1614.304500,5.3950E-006,1614.304500,5.3950E-006
1614.554400,5.3320E-006,1614.554400,5.3320E-006
1614.804300,5.3130E-006,1614.804300,5.3130E-006
1615.054200,5.2780E-006,1615.054200,5.2780E-006
1615.304100,5.2040E-006,1615.304100,5.2040E-006
1615.554000,5.0810E-006,1615.554000,5.0810E-006
1615.803900,5.0240E-006,1615.803900,5.0240E-006
1616.053800,5.0020E-006,1616.053800,5.0020E-006
1616.303700,4.9740E-006,1616.303700,4.9740E-006
1616.553600,4.9200E-006,1616.553600,4.9200E-006
1616.803500,4.9290E-006,1616.803500,4.9290E-006
1617.053400,4.8140E-006,1617.053400,4.8140E-006
1617.303300,4.8790E-006,1617.303300,4.8790E-006
1617.553200,4.7100E-006,1617.553200,4.7100E-006
1617.803100,4.6760E-006,1617.803100,4.6760E-006
1618.053000,4.7150E-006,1618.053000,4.7150E-006
1618.302900,4.6210E-006,1618.302900,4.6210E-006
1618.552800,4.5920E-006,1618.552800,4.5920E-006
1618.802700,4.4910E-006,1618.802700,4.4910E-006
1619.052600,4.5110E-006,1619.052600,4.5110E-006
1619.302500,4.4270E-006,1619.302500,4.4270E-006
1619.552400,4.4260E-006,1619.552400,4.4260E-006
1619.802300,4.3260E-006,1619.802300,4.3260E-006
1620.052200,4.3230E-006,1620.052200,4.3230E-006
1620.302100,4.5170E-006,1620.302100,4.5170E-006
1620.552000,4.3420E-006,1620.552000,4.3420E-006
1620.801900,4.1350E-006,1620.801900,4.1350E-006
1621.051800,4.2190E-006,1621.051800,4.2190E-006
1621.301700,4.1610E-006,1621.301700,4.1610E-006
1621.551600,4.1620E-006,1621.551600,4.1620E-006
1621.801500,4.0960E-006,1621.801500,4.0960E-006
1622.051400,3.9800E-006,1622.051400,3.9800E-006
1622.301300,4.0310E-006,1622.301300,4.0310E-006
1622.551200,4.0510E-006,1622.551200,4.0510E-006
1622.801100,3.9910E-006,1622.801100,3.9910E-006
1623.051000,3.8990E-006,1623.051000,3.8990E-006
1623.300900,3.9740E-006,1623.300900,3.9740E-006
1623.550800,3.9810E-006,1623.550800,3.9810E-006
1623.800700,3.8250E-006,1623.800700,3.8250E-006
1624.050600,3.8370E-006,1624.050600,3.8370E-006
1624.300500,3.7550E-006,1624.300500,3.7550E-006
1624.550400,3.8150E-006,1624.550400,3.8150E-006
1624.800300,3.7070E-006,1624.800300,3.7070E-006
1625.050200,3.6990E-006,1625.050200,3.6990E-006
1625.300100,3.5810E-006,1625.300100,3.5810E-006
1625.550000,3.6650E-006,1625.550000,3.6650E-006
1625.799900,3.6570E-006,1625.799900,3.6570E-006
1626.049800,3.6040E-006,1626.049800,3.6040E-006
1626.299700,3.6590E-006,1626.299700,3.6590E-006
1626.549600,3.6290E-006,1626.549600,3.6290E-006
1626.799500,3.5410E-006,1626.799500,3.5410E-006
1627.049400,3.4560E-006,1627.049400,3.4560E-006
1627.299300,3.5320E-006,1627.299300,3.5320E-006
1627.549200,3.4590E-006,1627.549200,3.4590E-006
1627.799100,3.5100E-006,1627.799100,3.5100E-006
1628.049000,3.4890E-006,1628.049000,3.4890E-006
1628.298900,3.4940E-006,1628.298900,3.4940E-006
1628.548800,3.3480E-006,1628.548800,3.3480E-006
1628.798700,3.4280E-006,1628.798700,3.4280E-006
1629.048600,3.4010E-006,1629.048600,3.4010E-006
1629.298500,3.2930E-006,1629.298500,3.2930E-006
1629.548400,3.3340E-006,1629.548400,3.3340E-006
1629.798300,3.2970E-006,1629.798300,3.2970E-006
1630.048200,3.2500E-006,1630.048200,3.2500E-006
1630.298100,3.2560E-006,1630.298100,3.2560E-006
1630.548000,3.2560E-006,1630.548000,3.2560E-006
1630.797900,3.2500E-006,1630.797900,3.2500E-006
1631.047800,3.1780E-006,1631.047800,3.1780E-006
1631.297700,3.1390E-006,1631.297700,3.1390E-006
1631.547600,3.1830E-006,1631.547600,3.1830E-006
1631.797500,3.1620E-006,1631.797500,3.1620E-006
1632.047400,3.3270E-006,1632.047400,3.3270E-006
1632.297300,3.1230E-006,1632.297300,3.1230E-006
1632.547200,3.2020E-006,1632.547200,3.2020E-006
1632.797100,3.1140E-006,1632.797100,3.1140E-006
1633.047000,3.1770E-006,1633.047000,3.1770E-006
1633.296900,3.1430E-006,1633.296900,3.1430E-006
1633.546800,3.1380E-006,1633.546800,3.1380E-006
1633.796700,3.1430E-006,1633.796700,3.1430E-006
1634.046600,3.1720E-006,1634.046600,3.1720E-006
1634.296500,3.2330E-006,1634.296500,3.2330E-006
1634.546400,3.1210E-006,1634.546400,3.1210E-006
1634.796300,3.1330E-006,1634.796300,3.1330E-006
1635.046200,3.0710E-006,1635.046200,3.0710E-006
1635.296100,3.0360E-006,1635.296100,3.0360E-006
1635.546000,3.0510E-006,1635.546000,3.0510E-006
1635.795900,3.1350E-006,1635.795900,3.1350E-006
1636.045800,3.0050E-006,1636.045800,3.0050E-006
1636.295700,3.0670E-006,1636.295700,3.0670E-006
1636.545600,3.1020E-006,1636.545600,3.1020E-006
1636.795500,3.0320E-006,1636.795500,3.0320E-006
1637.045400,3.0700E-006,1637.045400,3.0700E-006
1637.295300,3.1480E-006,1637.295300,3.1480E-006
1637.545200,3.1730E-006,1637.545200,3.1730E-006
1637.795100,3.2240E-006,1637.795100,3.2240E-006
1638.045000,3.1800E-006,1638.045000,3.1800E-006
1638.294900,3.1270E-006,1638.294900,3.1270E-006
1638.544800,3.1290E-006,1638.544800,3.1290E-006
1638.794700,3.0890E-006,1638.794700,3.0890E-006
1639.044600,3.1230E-006,1639.044600,3.1230E-006
1639.294500,3.1440E-006,1639.294500,3.1440E-006
1639.544400,3.0190E-006,1639.544400,3.0190E-006
1639.794300,3.2300E-006,1639.794300,3.2300E-006
1640.044200,3.1610E-006,1640.044200,3.1610E-006
1640.294100,3.1120E-006,1640.294100,3.1120E-006
1640.544000,3.0760E-006,1640.544000,3.0760E-006
1640.793900,3.1450E-006,1640.793900,3.1450E-006
1641.043800,3.2570E-006,1641.043800,3.2570E-006
1641.293700,3.2520E-006,1641.293700,3.2520E-006
1641.543600,3.1970E-006,1641.543600,3.1970E-006
1641.793500,3.0880E-006,1641.793500,3.0880E-006
1642.043400,3.2290E-006,1642.043400,3.2290E-006
1642.293300,3.1460E-006,1642.293300,3.1460E-006
1642.543200,3.1550E-006,1642.543200,3.1550E-006
1642.793100,3.1420E-006,1642.793100,3.1420E-006
1643.043000,3.2630E-006,1643.043000,3.2630E-006
1643.292900,3.2220E-006,1643.292900,3.2220E-006
1643.542800,3.3120E-006,1643.542800,3.3120E-006
1643.792700,3.1260E-006,1643.792700,3.1260E-006
1644.042600,3.1610E-006,1644.042600,3.1610E-006
1644.292500,3.2140E-006,1644.292500,3.2140E-006
1644.542400,3.2420E-006,1644.542400,3.2420E-006
1644.792300,3.3920E-006,1644.792300,3.3920E-006
1645.042200,3.1320E-006,1645.042200,3.1320E-006
1645.292100,3.3000E-006,1645.292100,3.3000E-006
1645.542000,3.2230E-006,1645.542000,3.2230E-006
1645.791900,3.2200E-006,1645.791900,3.2200E-006
1646.041800,3.3600E-006,1646.041800,3.3600E-006
1646.291700,3.4240E-006,1646.291700,3.4240E-006
1646.541600,3.3170E-006,1646.541600,3.3170E-006
1646.791500,3.3220E-006,1646.791500,3.3220E-006
1647.041400,3.2890E-006,1647.041400,3.2890E-006
1647.291300,3.3600E-006,1647.291300,3.3600E-006
1647.541200,3.2080E-006,1647.541200,3.2080E-006
1647.791100,3.3620E-006,1647.791100,3.3620E-006
1648.041000,3.3610E-006,1648.041000,3.3610E-006
1648.290900,3.3840E-006,1648.290900,3.3840E-006
1648.540800,3.3430E-006,1648.540800,3.3430E-006
1648.790700,3.4180E-006,1648.790700,3.4180E-006
1649.040600,3.4250E-006,1649.040600,3.4250E-006
1649.290500,3.4590E-006,1649.290500,3.4590E-006
1649.540400,3.6000E-006,1649.540400,3.6000E-006
1649.790300,3.4620E-006,1649.790300,3.4620E-006
1650.040200,3.4980E-006,1650.040200,3.4980E-006
1650.290100,3.5160E-006,1650.290100,3.5160E-006
1650.540000,3.5380E-006,1650.540000,3.5380E-006
1650.789900,3.4040E-006,1650.789900,3.4040E-006
1651.039800,3.4670E-006,1651.039800,3.4670E-006
1651.289700,3.5260E-006,1651.289700,3.5260E-006
1651.539600,3.3570E-006,1651.539600,3.3570E-006
1651.789500,3.5780E-006,1651.789500,3.5780E-006
1652.039400,3.5670E-006,1652.039400,3.5670E-006
1652.289300,3.5560E-006,1652.289300,3.5560E-006
1652.539200,3.7060E-006,1652.539200,3.7060E-006
1652.789100,3.6330E-006,1652.789100,3.6330E-006
1653.039000,3.7430E-006,1653.039000,3.7430E-006
1653.288900,3.6390E-006,1653.288900,3.6390E-006
1653.538800,3.6440E-006,1653.538800,3.6440E-006
1653.788700,3.4960E-006,1653.788700,3.4960E-006
1654.038600,3.5530E-006,1654.038600,3.5530E-006
1654.288500,3.6620E-006,1654.288500,3.6620E-006
1654.538400,3.7290E-006,1654.538400,3.7290E-006
1654.788300,3.8430E-006,1654.788300,3.8430E-006
1655.038200,3.7030E-006,1655.038200,3.7030E-006
1655.288100,3.6550E-006,1655.288100,3.6550E-006
1655.538000,3.7930E-006,1655.538000,3.7930E-006
1655.787900,3.7150E-006,1655.787900,3.7150E-006
1656.037800,3.7820E-006,1656.037800,3.7820E-006
1656.287700,3.6740E-006,1656.287700,3.6740E-006
1656.537600,3.8670E-006,1656.537600,3.8670E-006
1656.787500,3.8290E-006,1656.787500,3.8290E-006
1657.037400,3.9280E-006,1657.037400,3.9280E-006
1657.287300,3.9640E-006,1657.287300,3.9640E-006
1657.537200,4.0390E-006,1657.537200,4.0390E-006
1657.787100,3.8650E-006,1657.787100,3.8650E-006
1658.037000,3.9590E-006,1658.037000,3.9590E-006
1658.286900,3.9680E-006,1658.286900,3.9680E-006
1658.536800,3.9760E-006,1658.536800,3.9760E-006
1658.786700,3.9360E-006,1658.786700,3.9360E-006
1659.036600,4.0360E-006,1659.036600,4.0360E-006
1659.286500,4.0130E-006,1659.286500,4.0130E-006
1659.536400,4.1040E-006,1659.536400,4.1040E-006
1659.786300,4.0020E-006,1659.786300,4.0020E-006
1660.036200,4.0370E-006,1660.036200,4.0370E-006
1660.286100,4.1340E-006,1660.286100,4.1340E-006
1660.536000,4.1660E-006,1660.536000,4.1660E-006
1660.785900,4.2650E-006,1660.785900,4.2650E-006
1661.035800,4.1070E-006,1661.035800,4.1070E-006
1661.285700,4.0250E-006,1661.285700,4.0250E-006
1661.535600,4.1360E-006,1661.535600,4.1360E-006
1661.785500,4.2100E-006,1661.785500,4.2100E-006
1662.035400,4.3110E-006,1662.035400,4.3110E-006
1662.285300,4.1780E-006,1662.285300,4.1780E-006
1662.535200,4.4330E-006,1662.535200,4.4330E-006
1662.785100,4.3270E-006,1662.785100,4.3270E-006
1663.035000,4.3040E-006,1663.035000,4.3040E-006
1663.284900,4.3970E-006,1663.284900,4.3970E-006
1663.534800,4.3650E-006,1663.534800,4.3650E-006
1663.784700,4.3660E-006,1663.784700,4.3660E-006
1664.034600,4.5250E-006,1664.034600,4.5250E-006
1664.284500,4.5520E-006,1664.284500,4.5520E-006
1664.534400,4.5500E-006,1664.534400,4.5500E-006
1664.784300,4.4840E-006,1664.784300,4.4840E-006
1665.034200,4.5450E-006,1665.034200,4.5450E-006
1665.284100,4.4680E-006,1665.284100,4.4680E-006
1665.534000,4.5700E-006,1665.534000,4.5700E-006
1665.783900,4.6520E-006,1665.783900,4.6520E-006
1666.033800,4.6460E-006,1666.033800,4.6460E-006
1666.283700,4.6510E-006,1666.283700,4.6510E-006
1666.533600,4.8070E-006,1666.533600,4.8070E-006
1666.783500,4.8550E-006,1666.783500,4.8550E-006
1667.033400,4.8420E-006,1667.033400,4.8420E-006
1667.283300,4.9200E-006,1667.283300,4.9200E-006
1667.533200,4.7490E-006,1667.533200,4.7490E-006
1667.783100,4.9790E-006,1667.783100,4.9790E-006
1668.033000,5.0970E-006,1668.033000,5.0970E-006
1668.282900,4.8710E-006,1668.282900,4.8710E-006
1668.532800,4.9800E-006,1668.532800,4.9800E-006
1668.782700,4.9180E-006,1668.782700,4.9180E-006
1669.032600,5.2100E-006,1669.032600,5.2100E-006
1669.282500,5.1580E-006,1669.282500,5.1580E-006
1669.532400,5.0520E-006,1669.532400,5.0520E-006
1669.782300,5.1680E-006,1669.782300,5.1680E-006
1670.032200,5.1250E-006,1670.032200,5.1250E-006
1670.282100,5.2340E-006,1670.282100,5.2340E-006
1670.532000,5.5310E-006,1670.532000,5.5310E-006
1670.781900,5.2850E-006,1670.781900,5.2850E-006
1671.031800,5.3460E-006,1671.031800,5.3460E-006
1671.281700,5.6070E-006,1671.281700,5.6070E-006
1671.531600,5.4200E-006,1671.531600,5.4200E-006
1671.781500,5.7650E-006,1671.781500,5.7650E-006
1672.031400,5.6220E-006,1672.031400,5.6220E-006
1672.281300,5.6340E-006,1672.281300,5.6340E-006
1672.531200,5.6800E-006,1672.531200,5.6800E-006
1672.781100,5.9410E-006,1672.781100,5.9410E-006
1673.031000,5.8810E-006,1673.031000,5.8810E-006
1673.280900,5.7860E-006,1673.280900,5.7860E-006
1673.530800,6.0810E-006,1673.530800,6.0810E-006
1673.780700,5.9770E-006,1673.780700,5.9770E-006
1674.030600,5.9650E-006,1674.030600,5.9650E-006
1674.280500,6.1380E-006,1674.280500,6.1380E-006
1674.530400,5.7990E-006,1674.530400,5.7990E-006
1674.780300,6.1040E-006,1674.780300,6.1040E-006
1675.030200,6.1250E-006,1675.030200,6.1250E-006
1675.280100,6.2220E-006,1675.280100,6.2220E-006
1675.530000,6.0830E-006,1675.530000,6.0830E-006
1675.779900,6.4280E-006,1675.779900,6.4280E-006
1676.029800,6.3620E-006,1676.029800,6.3620E-006
1676.279700,6.5730E-006,1676.279700,6.5730E-006
1676.529600,6.5720E-006,1676.529600,6.5720E-006
1676.779500,6.7300E-006,1676.779500,6.7300E-006
1677.029400,6.6470E-006,1677.029400,6.6470E-006
1677.279300,6.8430E-006,1677.279300,6.8430E-006
1677.529200,6.6560E-006,1677.529200,6.6560E-006
1677.779100,6.8400E-006,1677.779100,6.8400E-006
1678.029000,6.8660E-006,1678.029000,6.8660E-006
1678.278900,7.0960E-006,1678.278900,7.0960E-006
1678.528800,7.1190E-006,1678.528800,7.1190E-006
1678.778700,6.9530E-006,1678.778700,6.9530E-006
1679.028600,6.9860E-006,1679.028600,6.9860E-006
1679.278500,7.2490E-006,1679.278500,7.2490E-006
1679.528400,7.2060E-006,1679.528400,7.2060E-006
1679.778300,7.3930E-006,1679.778300,7.3930E-006
1680.028200,7.3240E-006,1680.028200,7.3240E-006
1680.278100,7.0280E-006,1680.278100,7.0280E-006
1680.528000,7.0140E-006,1680.528000,7.0140E-006
1680.777900,7.2540E-006,1680.777900,7.2540E-006
1681.027800,7.2020E-006,1681.027800,7.2020E-006
1681.277700,7.7140E-006,1681.277700,7.7140E-006
1681.527600,7.6510E-006,1681.527600,7.6510E-006
1681.777500,7.4820E-006,1681.777500,7.4820E-006
1682.027400,7.8230E-006,1682.027400,7.8230E-006
1682.277300,7.7600E-006,1682.277300,7.7600E-006
1682.527200,7.8170E-006,1682.527200,7.8170E-006
1682.777100,7.7770E-006,1682.777100,7.7770E-006
1683.027000,7.4960E-006,1683.027000,7.4960E-006
1683.276900,8.2810E-006,1683.276900,8.2810E-006
1683.526800,7.9370E-006,1683.526800,7.9370E-006
1683.776700,7.8010E-006,1683.776700,7.8010E-006
1684.026600,7.5970E-006,1684.026600,7.5970E-006
1684.276500,8.3120E-006,1684.276500,8.3120E-006
1684.526400,7.7100E-006,1684.526400,7.7100E-006
1684.776300,8.3200E-006,1684.776300,8.3200E-006
1685.026200,8.2310E-006,1685.026200,8.2310E-006
1685.276100,7.9080E-006,1685.276100,7.9080E-006
1685.526000,7.8320E-006,1685.526000,7.8320E-006
1685.775900,8.0510E-006,1685.775900,8.0510E-006
1686.025800,8.1590E-006,1686.025800,8.1590E-006
1686.275700,8.2550E-006,1686.275700,8.2550E-006
1686.525600,8.1000E-006,1686.525600,8.1000E-006
1686.775500,8.3060E-006,1686.775500,8.3060E-006
1687.025400,8.5150E-006,1687.025400,8.5150E-006
1687.275300,8.6810E-006,1687.275300,8.6810E-006
1687.525200,8.2040E-006,1687.525200,8.2040E-006
1687.775100,8.3480E-006,1687.775100,8.3480E-006
1688.025000,8.3090E-006,1688.025000,8.3090E-006
1688.274900,8.3430E-006,1688.274900,8.3430E-006
1688.524800,8.6190E-006,1688.524800,8.6190E-006
1688.774700,7.8890E-006,1688.774700,7.8890E-006
1689.024600,8.2810E-006,1689.024600,8.2810E-006
1689.274500,7.9600E-006,1689.274500,7.9600E-006
1689.524400,8.7710E-006,1689.524400,8.7710E-006
1689.774300,8.3680E-006,1689.774300,8.3680E-006
1690.024200,8.2360E-006,1690.024200,8.2360E-006
1690.274100,8.8950E-006,1690.274100,8.8950E-006
1690.524000,7.6640E-006,1690.524000,7.6640E-006
1690.773900,8.3250E-006,1690.773900,8.3250E-006
1691.023800,8.2180E-006,1691.023800,8.2180E-006
1691.273700,8.6330E-006,1691.273700,8.6330E-006
1691.523600,8.0120E-006,1691.523600,8.0120E-006
1691.773500,8.3830E-006,1691.773500,8.3830E-006
1692.023400,8.4510E-006,1692.023400,8.4510E-006
1692.273300,8.0950E-006,1692.273300,8.0950E-006
1692.523200,8.1410E-006,1692.523200,8.1410E-006
1692.773100,8.6260E-006,1692.773100,8.6260E-006
1693.023000,8.6200E-006,1693.023000,8.6200E-006
1693.272900,8.1280E-006,1693.272900,8.1280E-006
1693.522800,8.0850E-006,1693.522800,8.0850E-006
1693.772700,8.1130E-006,1693.772700,8.1130E-006
1694.022600,8.1010E-006,1694.022600,8.1010E-006
1694.272500,8.1260E-006,1694.272500,8.1260E-006
1694.522400,7.5800E-006,1694.522400,7.5800E-006
1694.772300,8.5420E-006,1694.772300,8.5420E-006
1695.022200,8.0880E-006,1695.022200,8.0880E-006
1695.272100,7.7000E-006,1695.272100,7.7000E-006
1695.522000,7.7650E-006,1695.522000,7.7650E-006
1695.771900,7.5720E-006,1695.771900,7.5720E-006
1696.021800,8.0730E-006,1696.021800,8.0730E-006
1696.271700,8.2740E-006,1696.271700,8.2740E-006
1696.521600,7.6750E-006,1696.521600,7.6750E-006
1696.771500,8.1560E-006,1696.771500,8.1560E-006
1697.021400,8.7920E-006,1697.021400,8.7920E-006
1697.271300,8.3510E-006,1697.271300,8.3510E-006
1697.521200,8.0760E-006,1697.521200,8.0760E-006
1697.771100,7.2650E-006,1697.771100,7.2650E-006
1698.021000,7.8190E-006,1698.021000,7.8190E-006
1698.270900,6.9530E-006,1698.270900,6.9530E-006
1698.520800,7.5380E-006,1698.520800,7.5380E-006
1698.770700,7.6410E-006,1698.770700,7.6410E-006
1699.020600,7.9290E-006,1699.020600,7.9290E-006
1699.270500,8.9970E-006,1699.270500,8.9970E-006
1699.520400,7.4470E-006,1699.520400,7.4470E-006
1699.770300,7.5390E-006,1699.770300,7.5390E-006
1700.020200,7.4650E-006,1700.020200,7.4650E-006
1700.270100,7.2250E-006,1700.270100,7.2250E-006
1700.520000,8.0890E-006,1700.520000,8.0890E-006
1700.769900,7.5830E-006,1700.769900,7.5830E-006
1701.019800,7.6100E-006,1701.019800,7.6100E-006
1701.269700,7.8430E-006,1701.269700,7.8430E-006
1701.519600,7.4480E-006,1701.519600,7.4480E-006
1701.769500,7.6040E-006,1701.769500,7.6040E-006
1702.019400,8.1760E-006,1702.019400,8.1760E-006
1702.269300,8.0340E-006,1702.269300,8.0340E-006
1702.519200,7.3330E-006,1702.519200,7.3330E-006
1702.769100,7.6430E-006,1702.769100,7.6430E-006
1703.019000,7.2860E-006,1703.019000,7.2860E-006
1703.268900,7.0300E-006,1703.268900,7.0300E-006
1703.518800,6.8940E-006,1703.518800,6.8940E-006
1703.768700,8.6020E-006,1703.768700,8.6020E-006
1704.018600,7.5270E-006,1704.018600,7.5270E-006
1704.268500,7.3880E-006,1704.268500,7.3880E-006
1704.518400,7.2190E-006,1704.518400,7.2190E-006
1704.768300,7.5600E-006,1704.768300,7.5600E-006
1705.018200,7.3330E-006,1705.018200,7.3330E-006
1705.268100,7.4360E-006,1705.268100,7.4360E-006
1705.518000,7.6440E-006,1705.518000,7.6440E-006
1705.767900,7.4240E-006,1705.767900,7.4240E-006
1706.017800,7.6260E-006,1706.017800,7.6260E-006
1706.267700,7.0880E-006,1706.267700,7.0880E-006
1706.517600,7.5530E-006,1706.517600,7.5530E-006
1706.767500,7.7110E-006,1706.767500,7.7110E-006
1707.017400,7.4650E-006,1707.017400,7.4650E-006
1707.267300,7.7780E-006,1707.267300,7.7780E-006
1707.517200,6.3040E-006,1707.517200,6.3040E-006
1707.767100,8.1470E-006,1707.767100,8.1470E-006
1708.017000,7.4290E-006,1708.017000,7.4290E-006
1708.266900,7.7350E-006,1708.266900,7.7350E-006
1708.516800,8.6610E-006,1708.516800,8.6610E-006
1708.766700,7.3090E-006,1708.766700,7.3090E-006
1709.016600,7.5190E-006,1709.016600,7.5190E-006
1709.266500,6.8880E-006,1709.266500,6.8880E-006
1709.516400,7.5690E-006,1709.516400,7.5690E-006
1709.766300,7.9650E-006,1709.766300,7.9650E-006
1710.016200,8.0750E-006,1710.016200,8.0750E-006
1710.266100,7.3210E-006,1710.266100,7.3210E-006
1710.516000,7.0230E-006,1710.516000,7.0230E-006
1710.765900,8.6290E-006,1710.765900,8.6290E-006
1711.015800,7.8970E-006,1711.015800,7.8970E-006
1711.265700,7.0390E-006,1711.265700,7.0390E-006
1711.515600,7.6680E-006,1711.515600,7.6680E-006
1711.765500,7.0970E-006,1711.765500,7.0970E-006
1712.015400,7.2860E-006,1712.015400,7.2860E-006
1712.265300,8.6390E-006,1712.265300,8.6390E-006
1712.515200,7.7490E-006,1712.515200,7.7490E-006
1712.765100,7.6270E-006,1712.765100,7.6270E-006
1713.015000,7.7270E-006,1713.015000,7.7270E-006
1713.264900,8.1410E-006,1713.264900,8.1410E-006
1713.514800,7.5300E-006,1713.514800,7.5300E-006
1713.764700,9.2930E-006,1713.764700,9.2930E-006
1714.014600,8.9510E-006,1714.014600,8.9510E-006
1714.264500,8.6260E-006,1714.264500,8.6260E-006
1714.514400,8.9670E-006,1714.514400,8.9670E-006
1714.764300,8.3810E-006,1714.764300,8.3810E-006
1715.014200,8.8560E-006,1715.014200,8.8560E-006
1715.264100,1.0810E-005,1715.264100,1.0810E-005
1715.514000,7.7070E-006,1715.514000,7.7070E-006
1715.763900,8.4340E-006,1715.763900,8.4340E-006
1716.013800,9.4880E-006,1716.013800,9.4880E-006
1716.263700,8.9290E-006,1716.263700,8.9290E-006
1716.513600,8.2180E-006,1716.513600,8.2180E-006
1716.763500,8.5760E-006,1716.763500,8.5760E-006
1717.013400,9.2760E-006,1717.013400,9.2760E-006
1717.263300,1.0290E-005,1717.263300,1.0290E-005
1717.513200,8.1460E-006,1717.513200,8.1460E-006
1717.763100,1.0440E-005,1717.763100,1.0440E-005
1718.013000,9.7530E-006,1718.013000,9.7530E-006
1718.262900,8.4530E-006,1718.262900,8.4530E-006
1718.512800,1.0370E-005,1718.512800,1.0370E-005
1718.762700,1.0600E-005,1718.762700,1.0600E-005
1719.012600,9.6130E-006,1719.012600,9.6130E-006
1719.262500,9.2730E-006,1719.262500,9.2730E-006
1719.512400,9.1710E-006,1719.512400,9.1710E-006
1719.762300,1.0360E-005,1719.762300,1.0360E-005
1720.012200,8.8780E-006,1720.012200,8.8780E-006
1720.262100,9.1680E-006,1720.262100,9.1680E-006
1720.512000,1.0540E-005,1720.512000,1.0540E-005
1720.761900,9.3660E-006,1720.761900,9.3660E-006
1721.011800,1.0450E-005,1721.011800,1.0450E-005
1721.261700,9.8400E-006,1721.261700,9.8400E-006
1721.511600,9.1620E-006,1721.511600,9.1620E-006
1721.761500,1.0220E-005,1721.761500,1.0220E-005
1722.011400,1.0760E-005,1722.011400,1.0760E-005
1722.261300,1.0360E-005,1722.261300,1.0360E-005
1722.511200,1.1000E-005,1722.511200,1.1000E-005
1722.761100,1.1290E-005,1722.761100,1.1290E-005
1723.011000,1.0830E-005,1723.011000,1.0830E-005
1723.260900,1.0410E-005,1723.260900,1.0410E-005
1723.510800,1.2310E-005,1723.510800,1.2310E-005
1723.760700,9.9170E-006,1723.760700,9.9170E-006
1724.010600,1.0560E-005,1724.010600,1.0560E-005
1724.260500,1.1030E-005,1724.260500,1.1030E-005
1724.510400,1.1120E-005,1724.510400,1.1120E-005
1724.760300,9.5910E-006,1724.760300,9.5910E-006
1725.010200,1.1320E-005,1725.010200,1.1320E-005
1725.260100,1.1230E-005,1725.260100,1.1230E-005
1725.510000,1.0420E-005,1725.510000,1.0420E-005
1725.759900,1.1180E-005,1725.759900,1.1180E-005
1726.009800,1.2670E-005,1726.009800,1.2670E-005
1726.259700,9.8640E-006,1726.259700,9.8640E-006
1726.509600,1.2070E-005,1726.509600,1.2070E-005
1726.759500,1.1860E-005,1726.759500,1.1860E-005
1727.009400,1.1370E-005,1727.009400,1.1370E-005
1727.259300,9.7730E-006,1727.259300,9.7730E-006
1727.509200,1.2330E-005,1727.509200,1.2330E-005
1727.759100,1.2360E-005,1727.759100,1.2360E-005
1728.009000,1.4750E-005,1728.009000,1.4750E-005
1728.258900,1.1140E-005,1728.258900,1.1140E-005
1728.508800,1.2130E-005,1728.508800,1.2130E-005
1728.758700,1.3820E-005,1728.758700,1.3820E-005
1729.008600,1.2700E-005,1729.008600,1.2700E-005
1729.258500,1.3180E-005,1729.258500,1.3180E-005
1729.508400,1.2710E-005,1729.508400,1.2710E-005
1729.758300,1.3140E-005,1729.758300,1.3140E-005
1730.008200,1.0850E-005,1730.008200,1.0850E-005
1730.258100,1.1060E-005,1730.258100,1.1060E-005
1730.508000,1.1260E-005,1730.508000,1.1260E-005
1730.757900,1.3510E-005,1730.757900,1.3510E-005
1731.007800,1.2560E-005,1731.007800,1.2560E-005
1731.257700,1.1870E-005,1731.257700,1.1870E-005
1731.507600,1.2880E-005,1731.507600,1.2880E-005
1731.757500,1.1140E-005,1731.757500,1.1140E-005
1732.007400,1.2160E-005,1732.007400,1.2160E-005
1732.257300,1.4890E-005,1732.257300,1.4890E-005
1732.507200,1.5980E-005,1732.507200,1.5980E-005
1732.757100,1.2680E-005,1732.757100,1.2680E-005
1733.007000,1.3180E-005,1733.007000,1.3180E-005
1733.256900,1.6600E-005,1733.256900,1.6600E-005
1733.506800,1.2250E-005,1733.506800,1.2250E-005
1733.756700,1.3950E-005,1733.756700,1.3950E-005
1734.006600,1.4180E-005,1734.006600,1.4180E-005
1734.256500,1.3460E-005,1734.256500,1.3460E-005
1734.506400,1.4890E-005,1734.506400,1.4890E-005
1734.756300,1.4640E-005,1734.756300,1.4640E-005
1735.006200,1.5740E-005,1735.006200,1.5740E-005
1735.256100,1.4800E-005,1735.256100,1.4800E-005
1735.506000,1.5100E-005,1735.506000,1.5100E-005
1735.755900,1.5130E-005,1735.755900,1.5130E-005
1736.005800,1.5200E-005,1736.005800,1.5200E-005
1736.255700,1.4920E-005,1736.255700,1.4920E-005
1736.505600,1.4590E-005,1736.505600,1.4590E-005
1736.755500,1.3440E-005,1736.755500,1.3440E-005
1737.005400,1.5300E-005,1737.005400,1.5300E-005
1737.255300,1.7630E-005,1737.255300,1.7630E-005
1737.505200,1.5970E-005,1737.505200,1.5970E-005
1737.755100,1.6450E-005,1737.755100,1.6450E-005
1738.005000,1.5460E-005,1738.005000,1.5460E-005
1738.254900,1.6050E-005,1738.254900,1.6050E-005
1738.504800,1.5920E-005,1738.504800,1.5920E-005
1738.754700,1.5610E-005,1738.754700,1.5610E-005
1739.004600,1.5080E-005,1739.004600,1.5080E-005
1739.254500,1.6190E-005,1739.254500,1.6190E-005
1739.504400,1.8390E-005,1739.504400,1.8390E-005
1739.754300,1.7710E-005,1739.754300,1.7710E-005
1740.004200,1.6340E-005,1740.004200,1.6340E-005
1740.254100,1.5810E-005,1740.254100,1.5810E-005
1740.504000,1.5850E-005,1740.504000,1.5850E-005
1740.753900,1.5690E-005,1740.753900,1.5690E-005
1741.003800,1.7800E-005,1741.003800,1.7800E-005
1741.253700,1.7500E-005,1741.253700,1.7500E-005
1741.503600,1.5820E-005,1741.503600,1.5820E-005
1741.753500,1.6700E-005,1741.753500,1.6700E-005
1742.003400,1.7720E-005,1742.003400,1.7720E-005
1742.253300,1.6690E-005,1742.253300,1.6690E-005
1742.503200,1.9410E-005,1742.503200,1.9410E-005
1742.753100,1.7190E-005,1742.753100,1.7190E-005
1743.003000,1.7440E-005,1743.003000,1.7440E-005
1743.252900,1.8440E-005,1743.252900,1.8440E-005
1743.502800,1.8140E-005,1743.502800,1.8140E-005
1743.752700,1.8580E-005,1743.752700,1.8580E-005
1744.002600,1.7100E-005,1744.002600,1.7100E-005
1744.252500,1.7640E-005,1744.252500,1.7640E-005
1744.502400,2.0130E-005,1744.502400,2.0130E-005
1744.752300,1.7970E-005,1744.752300,1.7970E-005
1745.002200,1.8530E-005,1745.002200,1.8530E-005
1745.252100,1.8710E-005,1745.252100,1.8710E-005
1745.502000,1.9090E-005,1745.502000,1.9090E-005
1745.751900,1.8030E-005,1745.751900,1.8030E-005
1746.001800,2.0690E-005,1746.001800,2.0690E-005
1746.251700,1.8110E-005,1746.251700,1.8110E-005
1746.501600,1.6630E-005,1746.501600,1.6630E-005
1746.751500,1.9320E-005,1746.751500,1.9320E-005
1747.001400,1.8650E-005,1747.001400,1.8650E-005
1747.251300,1.8550E-005,1747.251300,1.8550E-005
1747.501200,1.7610E-005,1747.501200,1.7610E-005
1747.751100,1.9330E-005,1747.751100,1.9330E-005
1748.001000,1.7710E-005,1748.001000,1.7710E-005
1748.250900,1.8740E-005,1748.250900,1.8740E-005
1748.500800,1.7570E-005,1748.500800,1.7570E-005
1748.750700,1.9220E-005,1748.750700,1.9220E-005
1749.000600,1.9570E-005,1749.000600,1.9570E-005
1749.250500,1.8950E-005,1749.250500,1.8950E-005
1749.500400,1.9650E-005,1749.500400,1.9650E-005
1749.750300,1.9110E-005,1749.750300,1.9110E-005
1750.000200,1.7830E-005,1750.000200,1.7830E-005
1750.250100,1.0000E-012,1750.250100,1.0000E-012
1750.500000,1.0000E-012,1750.500000,1.0000E-012
