File,MUESTRA_0_10_16.csv,
Date/Time,23-02-17/11:19,

Center Wavelength,1471.1,nm
Span Wavelength,557.6,nm
Start Wavelength,1192.3,nm
Stop Wavelength,1749.9,nm
Value In Air/Vacuum,Vacuum,
Optical Attenuater,Off,
Resolution,0.5,nm
Actual Resolution,0.494,nm
VBW,2000,Hz
Point Average,Off,
Sweep Average,1,
Smooth,Off,
Sampling Points,2001,pt
Trace Type,Write,
Trace Storage Mode,Off,
Trace Calculate Trace 1,-,
Trace Calculate Trace 2,-,
Dynamic Range,Normal,
Ext-Trigger,Off,
Interval Time,Off,
MM Mode,Off,

Trace,A
Start,1192.3,nm
Stop,1749.9,nm
1192.300000,2.1940E-007
1192.578800,1.9200E-007
1192.857600,1.7860E-007
1193.136400,1.6070E-007
1193.415200,1.7640E-007
1193.694000,2.0300E-007
1193.972800,1.3280E-007
1194.251600,2.2540E-007
1194.530400,2.1600E-007
1194.809200,1.6550E-007
1195.088000,1.9430E-007
1195.366800,1.8250E-007
1195.645600,2.3150E-007
1195.924400,1.6210E-007
1196.203200,1.5230E-007
1196.482000,2.0790E-007
1196.760800,2.1380E-007
1197.039600,1.6470E-007
1197.318400,1.5020E-007
1197.597200,1.9370E-007
1197.876000,1.7950E-007
1198.154800,1.5910E-007
1198.433600,1.7920E-007
1198.712400,1.3750E-007
1198.991200,1.9570E-007
1199.270000,2.0160E-007
1199.548800,1.9200E-007
1199.827600,1.3680E-007
1200.106400,2.1220E-007
1200.385200,1.4040E-007
1200.664000,1.6720E-007
1200.942800,1.7700E-007
1201.221600,1.8250E-007
1201.500400,1.6320E-007
1201.779200,1.8050E-007
1202.058000,1.7660E-007
1202.336800,1.9930E-007
1202.615600,1.6310E-007
1202.894400,2.0620E-007
1203.173200,1.6260E-007
1203.452000,2.3040E-007
1203.730800,1.5750E-007
1204.009600,1.8220E-007
1204.288400,2.0190E-007
1204.567200,1.5740E-007
1204.846000,2.0370E-007
1205.124800,1.5570E-007
1205.403600,2.0930E-007
1205.682400,1.9130E-007
1205.961200,1.4260E-007
1206.240000,1.5850E-007
1206.518800,1.5230E-007
1206.797600,1.6150E-007
1207.076400,2.0490E-007
1207.355200,2.0450E-007
1207.634000,1.8150E-007
1207.912800,1.6790E-007
1208.191600,2.0020E-007
1208.470400,1.5110E-007
1208.749200,1.7050E-007
1209.028000,2.0450E-007
1209.306800,1.5730E-007
1209.585600,1.9210E-007
1209.864400,1.6030E-007
1210.143200,1.8830E-007
1210.422000,2.0090E-007
1210.700800,1.9230E-007
1210.979600,2.2110E-007
1211.258400,1.7140E-007
1211.537200,1.4960E-007
1211.816000,2.0370E-007
1212.094800,1.7980E-007
1212.373600,1.6540E-007
1212.652400,1.8290E-007
1212.931200,1.7610E-007
1213.210000,2.0430E-007
1213.488800,1.9880E-007
1213.767600,1.9100E-007
1214.046400,2.2010E-007
1214.325200,2.1420E-007
1214.604000,1.7090E-007
1214.882800,1.1790E-007
1215.161600,2.1210E-007
1215.440400,1.6480E-007
1215.719200,1.4510E-007
1215.998000,1.9650E-007
1216.276800,1.7060E-007
1216.555600,1.7100E-007
1216.834400,1.8000E-007
1217.113200,1.8460E-007
1217.392000,1.7500E-007
1217.670800,1.9470E-007
1217.949600,1.8890E-007
1218.228400,1.4810E-007
1218.507200,1.9260E-007
1218.786000,1.2860E-007
1219.064800,1.8920E-007
1219.343600,2.0930E-007
1219.622400,1.5370E-007
1219.901200,1.7000E-007
1220.180000,1.3480E-007
1220.458800,1.6990E-007
1220.737600,1.9810E-007
1221.016400,2.0510E-007
1221.295200,2.0390E-007
1221.574000,1.6870E-007
1221.852800,1.8050E-007
1222.131600,1.5150E-007
1222.410400,1.7430E-007
1222.689200,1.8260E-007
1222.968000,1.1780E-007
1223.246800,1.8100E-007
1223.525600,1.9350E-007
1223.804400,1.6640E-007
1224.083200,2.0040E-007
1224.362000,1.6890E-007
1224.640800,1.5470E-007
1224.919600,1.8010E-007
1225.198400,2.0690E-007
1225.477200,1.4710E-007
1225.756000,1.7200E-007
1226.034800,2.2520E-007
1226.313600,1.6560E-007
1226.592400,1.2390E-007
1226.871200,1.6580E-007
1227.150000,1.9510E-007
1227.428800,1.9440E-007
1227.707600,1.2460E-007
1227.986400,1.9910E-007
1228.265200,1.4670E-007
1228.544000,1.4870E-007
1228.822800,1.7020E-007
1229.101600,1.4130E-007
1229.380400,1.7670E-007
1229.659200,1.8390E-007
1229.938000,1.6890E-007
1230.216800,1.8230E-007
1230.495600,2.3760E-007
1230.774400,1.1760E-007
1231.053200,1.6080E-007
1231.332000,1.8100E-007
1231.610800,2.1720E-007
1231.889600,1.3750E-007
1232.168400,1.6960E-007
1232.447200,1.6010E-007
1232.726000,2.0780E-007
1233.004800,1.8380E-007
1233.283600,1.9860E-007
1233.562400,1.8220E-007
1233.841200,1.7350E-007
1234.120000,1.5540E-007
1234.398800,1.3780E-007
1234.677600,1.8560E-007
1234.956400,1.0040E-007
1235.235200,1.8020E-007
1235.514000,2.0360E-007
1235.792800,1.7180E-007
1236.071600,2.0410E-007
1236.350400,1.7310E-007
1236.629200,2.1700E-007
1236.908000,1.6820E-007
1237.186800,1.5390E-007
1237.465600,2.0140E-007
1237.744400,1.7470E-007
1238.023200,2.0680E-007
1238.302000,1.1180E-007
1238.580800,1.0790E-007
1238.859600,1.1990E-007
1239.138400,1.6460E-007
1239.417200,2.0440E-007
1239.696000,1.6410E-007
1239.974800,1.3740E-007
1240.253600,1.7850E-007
1240.532400,1.7450E-007
1240.811200,1.8940E-007
1241.090000,1.7650E-007
1241.368800,1.5880E-007
1241.647600,1.8170E-007
1241.926400,1.7190E-007
1242.205200,1.3860E-007
1242.484000,1.7860E-007
1242.762800,1.1240E-007
1243.041600,1.9860E-007
1243.320400,1.5000E-007
1243.599200,1.1200E-007
1243.878000,1.6150E-007
1244.156800,1.5760E-007
1244.435600,1.7360E-007
1244.714400,1.4330E-007
1244.993200,1.7040E-007
1245.272000,1.4870E-007
1245.550800,2.1220E-007
1245.829600,1.6640E-007
1246.108400,1.4480E-007
1246.387200,1.4380E-007
1246.666000,1.8950E-007
1246.944800,1.5510E-007
1247.223600,1.4170E-007
1247.502400,1.8020E-007
1247.781200,1.5040E-007
1248.060000,1.2680E-007
1248.338800,1.8860E-007
1248.617600,2.1440E-007
1248.896400,1.5920E-007
1249.175200,1.7520E-007
1249.454000,1.8640E-007
1249.732800,1.3630E-007
1250.011600,1.6530E-007
1250.290400,1.6930E-007
1250.569200,1.9930E-007
1250.848000,1.5460E-007
1251.126800,1.7570E-007
1251.405600,2.2230E-007
1251.684400,1.4680E-007
1251.963200,1.8220E-007
1252.242000,1.7420E-007
1252.520800,1.6780E-007
1252.799600,1.7090E-007
1253.078400,1.5630E-007
1253.357200,1.3580E-007
1253.636000,1.4590E-007
1253.914800,1.7390E-007
1254.193600,1.4130E-007
1254.472400,1.2890E-007
1254.751200,1.3860E-007
1255.030000,1.9250E-007
1255.308800,1.3230E-007
1255.587600,1.6050E-007
1255.866400,1.9300E-007
1256.145200,1.4470E-007
1256.424000,1.4610E-007
1256.702800,1.4260E-007
1256.981600,1.5650E-007
1257.260400,1.3310E-007
1257.539200,1.6450E-007
1257.818000,1.6030E-007
1258.096800,1.7920E-007
1258.375600,1.8610E-007
1258.654400,1.3980E-007
1258.933200,1.4570E-007
1259.212000,1.6170E-007
1259.490800,1.6200E-007
1259.769600,1.7460E-007
1260.048400,1.6300E-007
1260.327200,1.1590E-007
1260.606000,1.7220E-007
1260.884800,1.7690E-007
1261.163600,1.4840E-007
1261.442400,1.1630E-007
1261.721200,1.6150E-007
1262.000000,2.0150E-007
1262.278800,1.4180E-007
1262.557600,1.4630E-007
1262.836400,1.3120E-007
1263.115200,2.0180E-007
1263.394000,1.3620E-007
1263.672800,1.6680E-007
1263.951600,1.3870E-007
1264.230400,1.6140E-007
1264.509200,1.2780E-007
1264.788000,1.6630E-007
1265.066800,1.6600E-007
1265.345600,1.4740E-007
1265.624400,1.2460E-007
1265.903200,1.3100E-007
1266.182000,2.0200E-007
1266.460800,1.4710E-007
1266.739600,1.7080E-007
1267.018400,1.6320E-007
1267.297200,1.6780E-007
1267.576000,1.7000E-007
1267.854800,1.6730E-007
1268.133600,1.7510E-007
1268.412400,1.8350E-007
1268.691200,1.6400E-007
1268.970000,1.8830E-007
1269.248800,1.3940E-007
1269.527600,1.5130E-007
1269.806400,1.3380E-007
1270.085200,1.7030E-007
1270.364000,1.5790E-007
1270.642800,1.7610E-007
1270.921600,1.6700E-007
1271.200400,8.0610E-008
1271.479200,1.5200E-007
1271.758000,1.4430E-007
1272.036800,1.1700E-007
1272.315600,1.4220E-007
1272.594400,1.3060E-007
1272.873200,1.2110E-007
1273.152000,1.7180E-007
1273.430800,1.7700E-007
1273.709600,1.4790E-007
1273.988400,1.2410E-007
1274.267200,1.1800E-007
1274.546000,1.6440E-007
1274.824800,1.7210E-007
1275.103600,1.5700E-007
1275.382400,1.3550E-007
1275.661200,1.6210E-007
1275.940000,1.6370E-007
1276.218800,1.4640E-007
1276.497600,1.6120E-007
1276.776400,1.4960E-007
1277.055200,1.5700E-007
1277.334000,1.8220E-007
1277.612800,1.3150E-007
1277.891600,1.9790E-007
1278.170400,7.6220E-008
1278.449200,1.3640E-007
1278.728000,2.0010E-007
1279.006800,1.5340E-007
1279.285600,1.4340E-007
1279.564400,1.4480E-007
1279.843200,1.7000E-007
1280.122000,1.8430E-007
1280.400800,1.2880E-007
1280.679600,1.2860E-007
1280.958400,1.2730E-007
1281.237200,1.5030E-007
1281.516000,9.0950E-008
1281.794800,1.4240E-007
1282.073600,1.3580E-007
1282.352400,1.7140E-007
1282.631200,1.6480E-007
1282.910000,1.2150E-007
1283.188800,1.4080E-007
1283.467600,1.7410E-007
1283.746400,1.6320E-007
1284.025200,1.7500E-007
1284.304000,1.3580E-007
1284.582800,1.2120E-007
1284.861600,1.2440E-007
1285.140400,1.7100E-007
1285.419200,1.7790E-007
1285.698000,1.4490E-007
1285.976800,1.6910E-007
1286.255600,1.4030E-007
1286.534400,1.7410E-007
1286.813200,1.8740E-007
1287.092000,8.7960E-008
1287.370800,1.5570E-007
1287.649600,1.5750E-007
1287.928400,1.1960E-007
1288.207200,1.7760E-007
1288.486000,1.5110E-007
1288.764800,1.4570E-007
1289.043600,1.4040E-007
1289.322400,1.7500E-007
1289.601200,1.2690E-007
1289.880000,1.8160E-007
1290.158800,1.4380E-007
1290.437600,1.1760E-007
1290.716400,1.2090E-007
1290.995200,1.7680E-007
1291.274000,1.7670E-007
1291.552800,1.5300E-007
1291.831600,1.4830E-007
1292.110400,1.4420E-007
1292.389200,1.7550E-007
1292.668000,1.7260E-007
1292.946800,1.8430E-007
1293.225600,1.0310E-007
1293.504400,1.9740E-007
1293.783200,1.6050E-007
1294.062000,1.4050E-007
1294.340800,1.7730E-007
1294.619600,1.5740E-007
1294.898400,1.5930E-007
1295.177200,1.0540E-007
1295.456000,1.8510E-007
1295.734800,1.6010E-007
1296.013600,1.5600E-007
1296.292400,1.0610E-007
1296.571200,1.6110E-007
1296.850000,1.1520E-007
1297.128800,1.3490E-007
1297.407600,1.3340E-007
1297.686400,1.8980E-007
1297.965200,1.6920E-007
1298.244000,1.3340E-007
1298.522800,1.0980E-007
1298.801600,1.7070E-007
1299.080400,1.6420E-007
1299.359200,1.6700E-007
1299.638000,1.5220E-007
1299.916800,1.7720E-007
1300.195600,1.6730E-007
1300.474400,1.6990E-007
1300.753200,1.2130E-007
1301.032000,1.9780E-007
1301.310800,1.6370E-007
1301.589600,1.7900E-007
1301.868400,1.4620E-007
1302.147200,1.3800E-007
1302.426000,1.2020E-007
1302.704800,1.3530E-007
1302.983600,1.8980E-007
1303.262400,1.1960E-007
1303.541200,1.2690E-007
1303.820000,1.4800E-007
1304.098800,1.8200E-007
1304.377600,1.4610E-007
1304.656400,1.4830E-007
1304.935200,1.1040E-007
1305.214000,1.7830E-007
1305.492800,1.5510E-007
1305.771600,1.3230E-007
1306.050400,1.8820E-007
1306.329200,1.8660E-007
1306.608000,1.5640E-007
1306.886800,1.3180E-007
1307.165600,1.4590E-007
1307.444400,1.4970E-007
1307.723200,1.6200E-007
1308.002000,1.6690E-007
1308.280800,1.3490E-007
1308.559600,1.8920E-007
1308.838400,1.3200E-007
1309.117200,1.0370E-007
1309.396000,1.4820E-007
1309.674800,1.5220E-007
1309.953600,1.5640E-007
1310.232400,1.3510E-007
1310.511200,1.8320E-007
1310.790000,1.4740E-007
1311.068800,1.1900E-007
1311.347600,1.7130E-007
1311.626400,1.5310E-007
1311.905200,1.4230E-007
1312.184000,1.4920E-007
1312.462800,1.1030E-007
1312.741600,1.1100E-007
1313.020400,1.8830E-007
1313.299200,1.5250E-007
1313.578000,1.5300E-007
1313.856800,1.1830E-007
1314.135600,1.5530E-007
1314.414400,1.7480E-007
1314.693200,1.9320E-007
1314.972000,1.2910E-007
1315.250800,1.6850E-007
1315.529600,1.8920E-007
1315.808400,1.8720E-007
1316.087200,1.5110E-007
1316.366000,1.5810E-007
1316.644800,1.2900E-007
1316.923600,1.7510E-007
1317.202400,1.9200E-007
1317.481200,1.5630E-007
1317.760000,1.6560E-007
1318.038800,1.9510E-007
1318.317600,1.5960E-007
1318.596400,1.1910E-007
1318.875200,1.4900E-007
1319.154000,1.4460E-007
1319.432800,1.6380E-007
1319.711600,1.0810E-007
1319.990400,1.5220E-007
1320.269200,1.4700E-007
1320.548000,1.5620E-007
1320.826800,1.5680E-007
1321.105600,2.0730E-007
1321.384400,1.6800E-007
1321.663200,1.3350E-007
1321.942000,1.4030E-007
1322.220800,1.1300E-007
1322.499600,1.6400E-007
1322.778400,1.3160E-007
1323.057200,2.1750E-007
1323.336000,1.3240E-007
1323.614800,1.4180E-007
1323.893600,1.7180E-007
1324.172400,1.1330E-007
1324.451200,2.0060E-007
1324.730000,1.2560E-007
1325.008800,1.2780E-007
1325.287600,1.7560E-007
1325.566400,1.4750E-007
1325.845200,2.0500E-007
1326.124000,1.6490E-007
1326.402800,1.6910E-007
1326.681600,1.5510E-007
1326.960400,1.5380E-007
1327.239200,1.3850E-007
1327.518000,1.0210E-007
1327.796800,1.6700E-007
1328.075600,1.7710E-007
1328.354400,1.2520E-007
1328.633200,1.6360E-007
1328.912000,1.5010E-007
1329.190800,1.4440E-007
1329.469600,1.1980E-007
1329.748400,1.4150E-007
1330.027200,1.8030E-007
1330.306000,1.4120E-007
1330.584800,1.4830E-007
1330.863600,1.6570E-007
1331.142400,1.7010E-007
1331.421200,1.3550E-007
1331.700000,2.0300E-007
1331.978800,1.2810E-007
1332.257600,1.2010E-007
1332.536400,1.7490E-007
1332.815200,1.6000E-007
1333.094000,2.0230E-007
1333.372800,1.8960E-007
1333.651600,1.4960E-007
1333.930400,1.5600E-007
1334.209200,1.9530E-007
1334.488000,7.6150E-008
1334.766800,1.1590E-007
1335.045600,1.5370E-007
1335.324400,1.4150E-007
1335.603200,1.0110E-007
1335.882000,1.3770E-007
1336.160800,1.3240E-007
1336.439600,1.8710E-007
1336.718400,1.4380E-007
1336.997200,1.5130E-007
1337.276000,1.4140E-007
1337.554800,1.2310E-007
1337.833600,1.1430E-007
1338.112400,1.8470E-007
1338.391200,1.2180E-007
1338.670000,1.5310E-007
1338.948800,8.3520E-008
1339.227600,1.7670E-007
1339.506400,1.7720E-007
1339.785200,1.1930E-007
1340.064000,1.8940E-007
1340.342800,1.4840E-007
1340.621600,1.2010E-007
1340.900400,1.6630E-007
1341.179200,1.5460E-007
1341.458000,1.4460E-007
1341.736800,1.6840E-007
1342.015600,1.8370E-007
1342.294400,1.3880E-007
1342.573200,1.6360E-007
1342.852000,1.3020E-007
1343.130800,1.3660E-007
1343.409600,1.5450E-007
1343.688400,1.5010E-007
1343.967200,1.8250E-007
1344.246000,2.0110E-007
1344.524800,1.8420E-007
1344.803600,2.0650E-007
1345.082400,1.3860E-007
1345.361200,1.5940E-007
1345.640000,1.5890E-007
1345.918800,1.8190E-007
1346.197600,1.7320E-007
1346.476400,1.3040E-007
1346.755200,1.4820E-007
1347.034000,1.7160E-007
1347.312800,1.8770E-007
1347.591600,1.0940E-007
1347.870400,1.5810E-007
1348.149200,1.4990E-007
1348.428000,1.5150E-007
1348.706800,1.7080E-007
1348.985600,1.1910E-007
1349.264400,1.6310E-007
1349.543200,1.3080E-007
1349.822000,1.5680E-007
1350.100800,1.5100E-007
1350.379600,1.5730E-007
1350.658400,1.3510E-007
1350.937200,1.5100E-007
1351.216000,1.3610E-007
1351.494800,2.1330E-007
1351.773600,1.9490E-007
1352.052400,1.9690E-007
1352.331200,1.7460E-007
1352.610000,1.3350E-007
1352.888800,1.6540E-007
1353.167600,1.2160E-007
1353.446400,1.8210E-007
1353.725200,1.4300E-007
1354.004000,1.7190E-007
1354.282800,1.9060E-007
1354.561600,1.8720E-007
1354.840400,1.5990E-007
1355.119200,1.3260E-007
1355.398000,1.5100E-007
1355.676800,1.4570E-007
1355.955600,1.6350E-007
1356.234400,1.9730E-007
1356.513200,1.8730E-007
1356.792000,2.0780E-007
1357.070800,2.3050E-007
1357.349600,2.0310E-007
1357.628400,1.9320E-007
1357.907200,1.5760E-007
1358.186000,1.9060E-007
1358.464800,1.7150E-007
1358.743600,1.7800E-007
1359.022400,2.3980E-007
1359.301200,2.0370E-007
1359.580000,2.1790E-007
1359.858800,2.2640E-007
1360.137600,1.7590E-007
1360.416400,1.9900E-007
1360.695200,2.2990E-007
1360.974000,2.2270E-007
1361.252800,2.0180E-007
1361.531600,1.6510E-007
1361.810400,1.9040E-007
1362.089200,2.3850E-007
1362.368000,2.0770E-007
1362.646800,2.4610E-007
1362.925600,2.2380E-007
1363.204400,2.5040E-007
1363.483200,2.7630E-007
1363.762000,2.8410E-007
1364.040800,1.8740E-007
1364.319600,2.3220E-007
1364.598400,2.0930E-007
1364.877200,2.1640E-007
1365.156000,2.4230E-007
1365.434800,2.5840E-007
1365.713600,2.5170E-007
1365.992400,2.9980E-007
1366.271200,2.6470E-007
1366.550000,3.1640E-007
1366.828800,2.8480E-007
1367.107600,3.2160E-007
1367.386400,3.5110E-007
1367.665200,2.9640E-007
1367.944000,2.9860E-007
1368.222800,3.5050E-007
1368.501600,3.0780E-007
1368.780400,3.6460E-007
1369.059200,3.9010E-007
1369.338000,4.0730E-007
1369.616800,4.6790E-007
1369.895600,4.6540E-007
1370.174400,4.6280E-007
1370.453200,5.1630E-007
1370.732000,4.5580E-007
1371.010800,4.4960E-007
1371.289600,5.5100E-007
1371.568400,5.8380E-007
1371.847200,5.3120E-007
1372.126000,5.6400E-007
1372.404800,5.7460E-007
1372.683600,6.5880E-007
1372.962400,7.1490E-007
1373.241200,6.7710E-007
1373.520000,7.1970E-007
1373.798800,7.1420E-007
1374.077600,8.3370E-007
1374.356400,7.5290E-007
1374.635200,7.4370E-007
1374.914000,8.1530E-007
1375.192800,9.1940E-007
1375.471600,9.3740E-007
1375.750400,9.3370E-007
1376.029200,9.9120E-007
1376.308000,1.0290E-006
1376.586800,1.1470E-006
1376.865600,1.0110E-006
1377.144400,1.1370E-006
1377.423200,1.1840E-006
1377.702000,1.3040E-006
1377.980800,1.4370E-006
1378.259600,1.4900E-006
1378.538400,1.3460E-006
1378.817200,1.4660E-006
1379.096000,1.6440E-006
1379.374800,1.8040E-006
1379.653600,1.8990E-006
1379.932400,1.9910E-006
1380.211200,1.9080E-006
1380.490000,1.6320E-006
1380.768800,1.7960E-006
1381.047600,2.1220E-006
1381.326400,2.3910E-006
1381.605200,2.5020E-006
1381.884000,2.8340E-006
1382.162800,2.8130E-006
1382.441600,2.2470E-006
1382.720400,2.1530E-006
1382.999200,2.7700E-006
1383.278000,3.3340E-006
1383.556800,3.1500E-006
1383.835600,3.2330E-006
1384.114400,3.7100E-006
1384.393200,3.9550E-006
1384.672000,3.9880E-006
1384.950800,3.7340E-006
1385.229600,3.9010E-006
1385.508400,4.4860E-006
1385.787200,4.5190E-006
1386.066000,4.9120E-006
1386.344800,5.2070E-006
1386.623600,5.2280E-006
1386.902400,5.6270E-006
1387.181200,5.8940E-006
1387.460000,6.0070E-006
1387.738800,5.8340E-006
1388.017600,5.1430E-006
1388.296400,5.9370E-006
1388.575200,7.0910E-006
1388.854000,7.2230E-006
1389.132800,7.4600E-006
1389.411600,7.8060E-006
1389.690400,7.6640E-006
1389.969200,8.0040E-006
1390.248000,8.3770E-006
1390.526800,8.4750E-006
1390.805600,8.5700E-006
1391.084400,9.4510E-006
1391.363200,9.4450E-006
1391.642000,9.6610E-006
1391.920800,9.7280E-006
1392.199600,8.7960E-006
1392.478400,8.4700E-006
1392.757200,1.0400E-005
1393.036000,1.1260E-005
1393.314800,1.1700E-005
1393.593600,1.1730E-005
1393.872400,1.2200E-005
1394.151200,1.2220E-005
1394.430000,1.2500E-005
1394.708800,1.1500E-005
1394.987600,1.1790E-005
1395.266400,1.2480E-005
1395.545200,1.2790E-005
1395.824000,1.3970E-005
1396.102800,1.3040E-005
1396.381600,1.1760E-005
1396.660400,1.3640E-005
1396.939200,1.5110E-005
1397.218000,1.5620E-005
1397.496800,1.5950E-005
1397.775600,1.6860E-005
1398.054400,1.6900E-005
1398.333200,1.7400E-005
1398.612000,1.8010E-005
1398.890800,1.8450E-005
1399.169600,1.8840E-005
1399.448400,1.7370E-005
1399.727200,1.7670E-005
1400.006000,1.8600E-005
1400.284800,1.8880E-005
1400.563600,1.6730E-005
1400.842400,1.8120E-005
1401.121200,2.0230E-005
1401.400000,2.0380E-005
1401.678800,2.0580E-005
1401.957600,2.2460E-005
1402.236400,2.2750E-005
1402.515200,2.3720E-005
1402.794000,2.3560E-005
1403.072800,2.4110E-005
1403.351600,2.3550E-005
1403.630400,2.4270E-005
1403.909200,2.4210E-005
1404.188000,2.3790E-005
1404.466800,2.4200E-005
1404.745600,2.1090E-005
1405.024400,2.0140E-005
1405.303200,2.5030E-005
1405.582000,2.5840E-005
1405.860800,2.6280E-005
1406.139600,2.6280E-005
1406.418400,2.6210E-005
1406.697200,2.5530E-005
1406.976000,2.4580E-005
1407.254800,2.4030E-005
1407.533600,2.5730E-005
1407.812400,2.7790E-005
1408.091200,2.8170E-005
1408.370000,2.8340E-005
1408.648800,2.8550E-005
1408.927600,2.8030E-005
1409.206400,2.6160E-005
1409.485200,2.6170E-005
1409.764000,2.7660E-005
1410.042800,2.9010E-005
1410.321600,2.9620E-005
1410.600400,3.0450E-005
1410.879200,3.0320E-005
1411.158000,3.0710E-005
1411.436800,3.0480E-005
1411.715600,3.1010E-005
1411.994400,2.9930E-005
1412.273200,2.9890E-005
1412.552000,3.0260E-005
1412.830800,3.1700E-005
1413.109600,3.2270E-005
1413.388400,3.1290E-005
1413.667200,3.0640E-005
1413.946000,2.8760E-005
1414.224800,2.8420E-005
1414.503600,2.9820E-005
1414.782400,3.0620E-005
1415.061200,3.1550E-005
1415.340000,3.1300E-005
1415.618800,3.3390E-005
1415.897600,3.3030E-005
1416.176400,3.3860E-005
1416.455200,3.4280E-005
1416.734000,3.4160E-005
1417.012800,3.3230E-005
1417.291600,3.4310E-005
1417.570400,3.3850E-005
1417.849200,3.4440E-005
1418.128000,3.5470E-005
1418.406800,3.6010E-005
1418.685600,3.4530E-005
1418.964400,3.3280E-005
1419.243200,3.4790E-005
1419.522000,3.5240E-005
1419.800800,3.5760E-005
1420.079600,3.6880E-005
1420.358400,3.6410E-005
1420.637200,3.6650E-005
1420.916000,3.6890E-005
1421.194800,3.7630E-005
1421.473600,3.7610E-005
1421.752400,3.7630E-005
1422.031200,3.8600E-005
1422.310000,3.7850E-005
1422.588800,3.9020E-005
1422.867600,3.7690E-005
1423.146400,3.8770E-005
1423.425200,3.9010E-005
1423.704000,3.8670E-005
1423.982800,3.7940E-005
1424.261600,3.9390E-005
1424.540400,3.9900E-005
1424.819200,4.0700E-005
1425.098000,4.1050E-005
1425.376800,4.0440E-005
1425.655600,4.0310E-005
1425.934400,4.1680E-005
1426.213200,4.1960E-005
1426.492000,4.2660E-005
1426.770800,4.3670E-005
1427.049600,4.4040E-005
1427.328400,4.3440E-005
1427.607200,4.4980E-005
1427.886000,4.4460E-005
1428.164800,4.6020E-005
1428.443600,4.5160E-005
1428.722400,4.6200E-005
1429.001200,4.7710E-005
1429.280000,4.7380E-005
1429.558800,4.8930E-005
1429.837600,4.7570E-005
1430.116400,4.9370E-005
1430.395200,4.8870E-005
1430.674000,4.9850E-005
1430.952800,4.8880E-005
1431.231600,4.8960E-005
1431.510400,4.8880E-005
1431.789200,4.9020E-005
1432.068000,4.9380E-005
1432.346800,4.7660E-005
1432.625600,4.8950E-005
1432.904400,5.1520E-005
1433.183200,5.1880E-005
1433.462000,5.2810E-005
1433.740800,5.2710E-005
1434.019600,5.2420E-005
1434.298400,5.2180E-005
1434.577200,5.2300E-005
1434.856000,5.6090E-005
1435.134800,5.6690E-005
1435.413600,5.6990E-005
1435.692400,5.7850E-005
1435.971200,5.7250E-005
1436.250000,5.9290E-005
1436.528800,5.9860E-005
1436.807600,5.9830E-005
1437.086400,6.0260E-005
1437.365200,6.0820E-005
1437.644000,5.8330E-005
1437.922800,5.8870E-005
1438.201600,6.0410E-005
1438.480400,5.9590E-005
1438.759200,6.0290E-005
1439.038000,6.0620E-005
1439.316800,6.1720E-005
1439.595600,6.1200E-005
1439.874400,6.3440E-005
1440.153200,6.3690E-005
1440.432000,6.3920E-005
1440.710800,6.7440E-005
1440.989600,6.7930E-005
1441.268400,6.7230E-005
1441.547200,6.7200E-005
1441.826000,7.0170E-005
1442.104800,6.9340E-005
1442.383600,7.1610E-005
1442.662400,7.0180E-005
1442.941200,6.9470E-005
1443.220000,7.1950E-005
1443.498800,7.2310E-005
1443.777600,7.3490E-005
1444.056400,7.2560E-005
1444.335200,7.2190E-005
1444.614000,7.3170E-005
1444.892800,7.3940E-005
1445.171600,7.4880E-005
1445.450400,6.9870E-005
1445.729200,6.9780E-005
1446.008000,7.3050E-005
1446.286800,7.3590E-005
1446.565600,7.5360E-005
1446.844400,7.4490E-005
1447.123200,7.6050E-005
1447.402000,7.8250E-005
1447.680800,8.1950E-005
1447.959600,8.5050E-005
1448.238400,8.4520E-005
1448.517200,8.9630E-005
1448.796000,9.1170E-005
1449.074800,9.3960E-005
1449.353600,9.4060E-005
1449.632400,9.3340E-005
1449.911200,9.3270E-005
1450.190000,9.2540E-005
1450.468800,9.0000E-005
1450.747600,8.7460E-005
1451.026400,8.8270E-005
1451.305200,8.7320E-005
1451.584000,8.8690E-005
1451.862800,8.9650E-005
1452.141600,8.7540E-005
1452.420400,8.9050E-005
1452.699200,9.3150E-005
1452.978000,9.3310E-005
1453.256800,9.5870E-005
1453.535600,1.0070E-004
1453.814400,1.0560E-004
1454.093200,1.0570E-004
1454.372000,1.0680E-004
1454.650800,1.0670E-004
1454.929600,1.1000E-004
1455.208400,1.1420E-004
1455.487200,1.1640E-004
1455.766000,1.2360E-004
1456.044800,1.2330E-004
1456.323600,1.2620E-004
1456.602400,1.2470E-004
1456.881200,1.2680E-004
1457.160000,1.2420E-004
1457.438800,1.2410E-004
1457.717600,1.2330E-004
1457.996400,1.2080E-004
1458.275200,1.2180E-004
1458.554000,1.1920E-004
1458.832800,1.1480E-004
1459.111600,1.1600E-004
1459.390400,1.1590E-004
1459.669200,1.2040E-004
1459.948000,1.2270E-004
1460.226800,1.2730E-004
1460.505600,1.3370E-004
1460.784400,1.4390E-004
1461.063200,1.4760E-004
1461.342000,1.5660E-004
1461.620800,1.6720E-004
1461.899600,1.7170E-004
1462.178400,1.7520E-004
1462.457200,1.7560E-004
1462.736000,1.8210E-004
1463.014800,1.8520E-004
1463.293600,1.7610E-004
1463.572400,1.7870E-004
1463.851200,1.7400E-004
1464.130000,1.7320E-004
1464.408800,1.7040E-004
1464.687600,1.6630E-004
1464.966400,1.6240E-004
1465.245200,1.6150E-004
1465.524000,1.6160E-004
1465.802800,1.6540E-004
1466.081600,1.6800E-004
1466.360400,1.7450E-004
1466.639200,1.8430E-004
1466.918000,1.8810E-004
1467.196800,2.0690E-004
1467.475600,2.1250E-004
1467.754400,2.3090E-004
1468.033200,2.3290E-004
1468.312000,2.6100E-004
1468.590800,2.4560E-004
1468.869600,2.7180E-004
1469.148400,2.5970E-004
1469.427200,2.7550E-004
1469.706000,2.8240E-004
1469.984800,2.9560E-004
1470.263600,2.8190E-004
1470.542400,2.7680E-004
1470.821200,2.5590E-004
1471.100000,2.6050E-004
1471.378800,2.5290E-004
1471.657600,2.4440E-004
1471.936400,2.3630E-004
1472.215200,2.2280E-004
1472.494000,2.2620E-004
1472.772800,2.2080E-004
1473.051600,2.2800E-004
1473.330400,2.4450E-004
1473.609200,2.4970E-004
1473.888000,2.6090E-004
1474.166800,2.8040E-004
1474.445600,3.1900E-004
1474.724400,3.2070E-004
1475.003200,3.7330E-004
1475.282000,3.9830E-004
1475.560800,4.1070E-004
1475.839600,4.1440E-004
1476.118400,4.3260E-004
1476.397200,4.3810E-004
1476.676000,4.2840E-004
1476.954800,4.1570E-004
1477.233600,4.3390E-004
1477.512400,3.9750E-004
1477.791200,3.9120E-004
1478.070000,3.7120E-004
1478.348800,3.6680E-004
1478.627600,3.5010E-004
1478.906400,3.3010E-004
1479.185200,3.4490E-004
1479.464000,3.2370E-004
1479.742800,3.3290E-004
1480.021600,3.2250E-004
1480.300400,3.3900E-004
1480.579200,3.7600E-004
1480.858000,3.9520E-004
1481.136800,4.2090E-004
1481.415600,4.2180E-004
1481.694400,4.5280E-004
1481.973200,4.8600E-004
1482.252000,5.0390E-004
1482.530800,5.8450E-004
1482.809600,5.8880E-004
1483.088400,6.3450E-004
1483.367200,6.5840E-004
1483.646000,6.5270E-004
1483.924800,6.6220E-004
1484.203600,6.5970E-004
1484.482400,6.2690E-004
1484.761200,6.1430E-004
1485.040000,5.2470E-004
1485.318800,5.6350E-004
1485.597600,4.9360E-004
1485.876400,4.7150E-004
1486.155200,4.5620E-004
1486.434000,4.3130E-004
1486.712800,4.4420E-004
1486.991600,4.5290E-004
1487.270400,4.4330E-004
1487.549200,5.0160E-004
1487.828000,5.9300E-004
1488.106800,6.0350E-004
1488.385600,6.1680E-004
1488.664400,6.7060E-004
1488.943200,7.1390E-004
1489.222000,7.2430E-004
1489.500800,7.6330E-004
1489.779600,7.6630E-004
1490.058400,8.7590E-004
1490.337200,8.3640E-004
1490.616000,8.1770E-004
1490.894800,8.7700E-004
1491.173600,8.5090E-004
1491.452400,8.2020E-004
1491.731200,8.0500E-004
1492.010000,7.8450E-004
1492.288800,7.5660E-004
1492.567600,7.2640E-004
1492.846400,6.9300E-004
1493.125200,7.3100E-004
1493.404000,6.6310E-004
1493.682800,6.8220E-004
1493.961600,6.5380E-004
1494.240400,6.6940E-004
1494.519200,6.8840E-004
1494.798000,7.1470E-004
1495.076800,7.5180E-004
1495.355600,7.1470E-004
1495.634400,8.8140E-004
1495.913200,8.6860E-004
1496.192000,9.2420E-004
1496.470800,1.0400E-003
1496.749600,9.3190E-004
1497.028400,1.0560E-003
1497.307200,1.0990E-003
1497.586000,9.8950E-004
1497.864800,1.0970E-003
1498.143600,9.8400E-004
1498.422400,9.9260E-004
1498.701200,1.0920E-003
1498.980000,9.1390E-004
1499.258800,9.7200E-004
1499.537600,9.1280E-004
1499.816400,9.0320E-004
1500.095200,8.7260E-004
1500.374000,8.5840E-004
1500.652800,9.1690E-004
1500.931600,8.6150E-004
1501.210400,8.9260E-004
1501.489200,9.6490E-004
1501.768000,9.0750E-004
1502.046800,1.0250E-003
1502.325600,9.7040E-004
1502.604400,9.9810E-004
1502.883200,1.1270E-003
1503.162000,9.7020E-004
1503.440800,1.2030E-003
1503.719600,1.2210E-003
1503.998400,1.1410E-003
1504.277200,1.2890E-003
1504.556000,1.0490E-003
1504.834800,1.2860E-003
1505.113600,1.2660E-003
1505.392400,1.0590E-003
1505.671200,1.2110E-003
1505.950000,1.0740E-003
1506.228800,1.0650E-003
1506.507600,1.1480E-003
1506.786400,1.0060E-003
1507.065200,1.1280E-003
1507.344000,1.0010E-003
1507.622800,1.0130E-003
1507.901600,1.0950E-003
1508.180400,1.0000E-003
1508.459200,1.1710E-003
1508.738000,1.0720E-003
1509.016800,1.1730E-003
1509.295600,1.2830E-003
1509.574400,1.1230E-003
1509.853200,1.1710E-003
1510.132000,1.2480E-003
1510.410800,1.1650E-003
1510.689600,1.2610E-003
1510.968400,1.2270E-003
1511.247200,1.1320E-003
1511.526000,1.2750E-003
1511.804800,1.2060E-003
1512.083600,1.3290E-003
1512.362400,1.3820E-003
1512.641200,1.3260E-003
1512.920000,1.5250E-003
1513.198800,1.3280E-003
1513.477600,1.6020E-003
1513.756400,1.6780E-003
1514.035200,1.4950E-003
1514.314000,1.7780E-003
1514.592800,1.6040E-003
1514.871600,1.6290E-003
1515.150400,1.8440E-003
1515.429200,1.4620E-003
1515.708000,1.8740E-003
1515.986800,1.6090E-003
1516.265600,1.4090E-003
1516.544400,1.7100E-003
1516.823200,1.3410E-003
1517.102000,1.5300E-003
1517.380800,1.5170E-003
1517.659600,1.3400E-003
1517.938400,1.4550E-003
1518.217200,1.2770E-003
1518.496000,1.3080E-003
1518.774800,1.3190E-003
1519.053600,1.3010E-003
1519.332400,1.3260E-003
1519.611200,1.3480E-003
1519.890000,1.2350E-003
1520.168800,1.3270E-003
1520.447600,1.3880E-003
1520.726400,1.4680E-003
1521.005200,1.4270E-003
1521.284000,1.6150E-003
1521.562800,1.8500E-003
1521.841600,1.7810E-003
1522.120400,1.8220E-003
1522.399200,2.2460E-003
1522.678000,2.2420E-003
1522.956800,2.4310E-003
1523.235600,2.5470E-003
1523.514400,2.4410E-003
1523.793200,2.8220E-003
1524.072000,2.7670E-003
1524.350800,2.4980E-003
1524.629600,2.9300E-003
1524.908400,2.5400E-003
1525.187200,2.4490E-003
1525.466000,2.5690E-003
1525.744800,2.2250E-003
1526.023600,2.3610E-003
1526.302400,2.2570E-003
1526.581200,2.1160E-003
1526.860000,2.2550E-003
1527.138800,2.1000E-003
1527.417600,2.3170E-003
1527.696400,2.4920E-003
1527.975200,2.3880E-003
1528.254000,2.7500E-003
1528.532800,2.4320E-003
1528.811600,2.3370E-003
1529.090400,2.7350E-003
1529.369200,2.2280E-003
1529.648000,2.4960E-003
1529.926800,2.3740E-003
1530.205600,2.3490E-003
1530.484400,2.5370E-003
1530.763200,2.2780E-003
1531.042000,2.3590E-003
1531.320800,2.4690E-003
1531.599600,2.3620E-003
1531.878400,2.6860E-003
1532.157200,2.5280E-003
1532.436000,2.3830E-003
1532.714800,2.4610E-003
1532.993600,2.4640E-003
1533.272400,2.4650E-003
1533.551200,2.5260E-003
1533.830000,2.7120E-003
1534.108800,2.4280E-003
1534.387600,2.8450E-003
1534.666400,2.7280E-003
1534.945200,2.4070E-003
1535.224000,2.8460E-003
1535.502800,2.6120E-003
1535.781600,2.4360E-003
1536.060400,3.0880E-003
1536.339200,2.9470E-003
1536.618000,3.0220E-003
1536.896800,3.1500E-003
1537.175600,3.2250E-003
1537.454400,3.7660E-003
1537.733200,3.5170E-003
1538.012000,4.0310E-003
1538.290800,4.9890E-003
1538.569600,4.0880E-003
1538.848400,4.3710E-003
1539.127200,4.3640E-003
1539.406000,4.2700E-003
1539.684800,5.6970E-003
1539.963600,3.7240E-003
1540.242400,3.0420E-003
1540.521200,4.2850E-003
1540.800000,3.9060E-003
1541.078800,3.4150E-003
1541.357600,3.1360E-003
1541.636400,3.6570E-003
1541.915200,4.0440E-003
1542.194000,3.3510E-003
1542.472800,4.0000E-003
1542.751600,8.3600E-003
1543.030400,1.1590E-002
1543.309200,1.2250E-002
1543.588000,1.0380E-002
1543.866800,7.3540E-003
1544.145600,8.5490E-003
1544.424400,8.4530E-003
1544.703200,5.2210E-003
1544.982000,5.0090E-003
1545.260800,4.6230E-003
1545.539600,3.5910E-003
1545.818400,2.9240E-003
1546.097200,2.9450E-003
1546.376000,2.9560E-003
1546.654800,4.1770E-003
1546.933600,3.7650E-003
1547.212400,3.8610E-003
1547.491200,3.1950E-003
1547.770000,2.6110E-003
1548.048800,4.0050E-003
1548.327600,4.1310E-003
1548.606400,5.0280E-003
1548.885200,5.6010E-003
1549.164000,3.0860E-003
1549.442800,2.9500E-003
1549.721600,3.8260E-003
1550.000400,4.3310E-003
1550.279200,5.8520E-003
1550.558000,5.8190E-003
1550.836800,5.1160E-003
1551.115600,5.8480E-003
1551.394400,4.1880E-003
1551.673200,4.2180E-003
1551.952000,4.7960E-003
1552.230800,3.8810E-003
1552.509600,5.0140E-003
1552.788400,4.2370E-003
1553.067200,3.6150E-003
1553.346000,3.1610E-003
1553.624800,3.3440E-003
1553.903600,3.3760E-003
1554.182400,4.2980E-003
1554.461200,4.9370E-003
1554.740000,4.8520E-003
1555.018800,4.4670E-003
1555.297600,4.1820E-003
1555.576400,4.7750E-003
1555.855200,5.3120E-003
1556.134000,6.1960E-003
1556.412800,8.0890E-003
1556.691600,7.3140E-003
1556.970400,6.4570E-003
1557.249200,6.5270E-003
1557.528000,4.3340E-003
1557.806800,3.3930E-003
1558.085600,3.5090E-003
1558.364400,3.4050E-003
1558.643200,4.5030E-003
1558.922000,4.3300E-003
1559.200800,3.6810E-003
1559.479600,3.8800E-003
1559.758400,3.4690E-003
1560.037200,3.0760E-003
1560.316000,4.1900E-003
1560.594800,4.5890E-003
1560.873600,6.4920E-003
1561.152400,6.7650E-003
1561.431200,5.6680E-003
1561.710000,7.7000E-003
1561.988800,7.2170E-003
1562.267600,5.8530E-003
1562.546400,8.3210E-003
1562.825200,6.3270E-003
1563.104000,4.6390E-003
1563.382800,5.7900E-003
1563.661600,4.7000E-003
1563.940400,5.1510E-003
1564.219200,6.5220E-003
1564.498000,4.6610E-003
1564.776800,4.9400E-003
1565.055600,3.7940E-003
1565.334400,2.4710E-003
1565.613200,2.8250E-003
1565.892000,3.0150E-003
1566.170800,2.6340E-003
1566.449600,2.7250E-003
1566.728400,3.0340E-003
1567.007200,4.4610E-003
1567.286000,4.7110E-003
1567.564800,4.2510E-003
1567.843600,4.9290E-003
1568.122400,4.1390E-003
1568.401200,3.8990E-003
1568.680000,5.1740E-003
1568.958800,5.8640E-003
1569.237600,4.7050E-003
1569.516400,5.2400E-003
1569.795200,3.6320E-003
1570.074000,3.3860E-003
1570.352800,4.0080E-003
1570.631600,3.4160E-003
1570.910400,2.6690E-003
1571.189200,4.0470E-003
1571.468000,4.9280E-003
1571.746800,5.7560E-003
1572.025600,4.2060E-003
1572.304400,3.1180E-003
1572.583200,3.6740E-003
1572.862000,2.9120E-003
1573.140800,2.7650E-003
1573.419600,3.1670E-003
1573.698400,2.9540E-003
1573.977200,2.9620E-003
1574.256000,3.1980E-003
1574.534800,3.4400E-003
1574.813600,3.7220E-003
1575.092400,4.3140E-003
1575.371200,3.6440E-003
1575.650000,4.1760E-003
1575.928800,4.4510E-003
1576.207600,3.6980E-003
1576.486400,3.6240E-003
1576.765200,3.6220E-003
1577.044000,3.2140E-003
1577.322800,2.6430E-003
1577.601600,2.9280E-003
1577.880400,2.8340E-003
1578.159200,2.4050E-003
1578.438000,2.4770E-003
1578.716800,2.4780E-003
1578.995600,2.5340E-003
1579.274400,2.7960E-003
1579.553200,2.9470E-003
1579.832000,3.5180E-003
1580.110800,3.9140E-003
1580.389600,4.1410E-003
1580.668400,4.7300E-003
1580.947200,4.4710E-003
1581.226000,4.3060E-003
1581.504800,3.9340E-003
1581.783600,3.8830E-003
1582.062400,3.0900E-003
1582.341200,3.0400E-003
1582.620000,2.8700E-003
1582.898800,2.5160E-003
1583.177600,2.3240E-003
1583.456400,2.4180E-003
1583.735200,2.7160E-003
1584.014000,3.1410E-003
1584.292800,3.3890E-003
1584.571600,3.6460E-003
1584.850400,4.3790E-003
1585.129200,4.6650E-003
1585.408000,4.6740E-003
1585.686800,5.3550E-003
1585.965600,5.0090E-003
1586.244400,4.2820E-003
1586.523200,4.8760E-003
1586.802000,4.1900E-003
1587.080800,3.3980E-003
1587.359600,3.3690E-003
1587.638400,3.0150E-003
1587.917200,2.6590E-003
1588.196000,2.7460E-003
1588.474800,2.5610E-003
1588.753600,2.5920E-003
1589.032400,2.9810E-003
1589.311200,2.9730E-003
1589.590000,3.5730E-003
1589.868800,3.6980E-003
1590.147600,3.8410E-003
1590.426400,4.2050E-003
1590.705200,3.9910E-003
1590.984000,4.2580E-003
1591.262800,4.0830E-003
1591.541600,3.6910E-003
1591.820400,3.5510E-003
1592.099200,3.5210E-003
1592.378000,3.1090E-003
1592.656800,2.8250E-003
1592.935600,2.9030E-003
1593.214400,2.8630E-003
1593.493200,2.6560E-003
1593.772000,2.9830E-003
1594.050800,2.9980E-003
1594.329600,2.9740E-003
1594.608400,3.3470E-003
1594.887200,3.3890E-003
1595.166000,3.2690E-003
1595.444800,3.3670E-003
1595.723600,3.3670E-003
1596.002400,3.0340E-003
1596.281200,2.9180E-003
1596.560000,2.8680E-003
1596.838800,2.4420E-003
1597.117600,2.7190E-003
1597.396400,2.3990E-003
1597.675200,2.2810E-003
1597.954000,2.3570E-003
1598.232800,2.4130E-003
1598.511600,2.4690E-003
1598.790400,2.4870E-003
1599.069200,2.6500E-003
1599.348000,2.9430E-003
1599.626800,3.0370E-003
1599.905600,2.8670E-003
1600.184400,3.3310E-003
1600.463200,3.0860E-003
1600.742000,2.9490E-003
1601.020800,2.7120E-003
1601.299600,2.8030E-003
1601.578400,2.4760E-003
1601.857200,2.5010E-003
1602.136000,2.5400E-003
1602.414800,2.3720E-003
1602.693600,2.1250E-003
1602.972400,2.3040E-003
1603.251200,2.1170E-003
1603.530000,2.2380E-003
1603.808800,2.2380E-003
1604.087600,2.2640E-003
1604.366400,2.2530E-003
1604.645200,2.5280E-003
1604.924000,2.3300E-003
1605.202800,2.2060E-003
1605.481600,2.3010E-003
1605.760400,2.2150E-003
1606.039200,2.2530E-003
1606.318000,2.0950E-003
1606.596800,1.8850E-003
1606.875600,1.8920E-003
1607.154400,1.9160E-003
1607.433200,1.7510E-003
1607.712000,1.9010E-003
1607.990800,1.8310E-003
1608.269600,2.0620E-003
1608.548400,2.1460E-003
1608.827200,1.9750E-003
1609.106000,2.1310E-003
1609.384800,2.4130E-003
1609.663600,2.2490E-003
1609.942400,2.2450E-003
1610.221200,2.2710E-003
1610.500000,2.2510E-003
1610.778800,2.0420E-003
1611.057600,2.1020E-003
1611.336400,1.9230E-003
1611.615200,1.6440E-003
1611.894000,1.8500E-003
1612.172800,1.7350E-003
1612.451600,1.6760E-003
1612.730400,1.6170E-003
1613.009200,1.7150E-003
1613.288000,1.8700E-003
1613.566800,1.9020E-003
1613.845600,2.0200E-003
1614.124400,1.9890E-003
1614.403200,2.1820E-003
1614.682000,2.1970E-003
1614.960800,2.1500E-003
1615.239600,2.1850E-003
1615.518400,2.0340E-003
1615.797200,2.0090E-003
1616.076000,2.0180E-003
1616.354800,1.9560E-003
1616.633600,1.7570E-003
1616.912400,2.0020E-003
1617.191200,1.7550E-003
1617.470000,1.6770E-003
1617.748800,1.8210E-003
1618.027600,1.6810E-003
1618.306400,1.7280E-003
1618.585200,1.7660E-003
1618.864000,1.9030E-003
1619.142800,1.8680E-003
1619.421600,1.9200E-003
1619.700400,2.1240E-003
1619.979200,2.0840E-003
1620.258000,2.2780E-003
1620.536800,1.9790E-003
1620.815600,2.0820E-003
1621.094400,1.9800E-003
1621.373200,1.8670E-003
1621.652000,1.8690E-003
1621.930800,1.8490E-003
1622.209600,1.9770E-003
1622.488400,1.9460E-003
1622.767200,1.8860E-003
1623.046000,1.7990E-003
1623.324800,1.8270E-003
1623.603600,1.9690E-003
1623.882400,2.0600E-003
1624.161200,2.1690E-003
1624.440000,2.2000E-003
1624.718800,2.1710E-003
1624.997600,2.1490E-003
1625.276400,2.1660E-003
1625.555200,2.0370E-003
1625.834000,2.0380E-003
1626.112800,2.0530E-003
1626.391600,1.9850E-003
1626.670400,1.7970E-003
1626.949200,1.8980E-003
1627.228000,1.7940E-003
1627.506800,1.6580E-003
1627.785600,1.6820E-003
1628.064400,1.6040E-003
1628.343200,1.7550E-003
1628.622000,1.8730E-003
1628.900800,1.7160E-003
1629.179600,1.8780E-003
1629.458400,1.7730E-003
1629.737200,1.8420E-003
1630.016000,2.0020E-003
1630.294800,1.9000E-003
1630.573600,1.9210E-003
1630.852400,1.9090E-003
1631.131200,2.0770E-003
1631.410000,1.7810E-003
1631.688800,1.8030E-003
1631.967600,2.0050E-003
1632.246400,1.7730E-003
1632.525200,1.6090E-003
1632.804000,1.8420E-003
1633.082800,1.7420E-003
1633.361600,1.7160E-003
1633.640400,1.6630E-003
1633.919200,1.5750E-003
1634.198000,1.7610E-003
1634.476800,1.6840E-003
1634.755600,1.5890E-003
1635.034400,1.5510E-003
1635.313200,1.7420E-003
1635.592000,1.7580E-003
1635.870800,1.6630E-003
1636.149600,1.7410E-003
1636.428400,1.5770E-003
1636.707200,1.5060E-003
1636.986000,1.6500E-003
1637.264800,1.5650E-003
1637.543600,1.5810E-003
1637.822400,1.6700E-003
1638.101200,1.5280E-003
1638.380000,1.6390E-003
1638.658800,1.5530E-003
1638.937600,1.4690E-003
1639.216400,1.5680E-003
1639.495200,1.5730E-003
1639.774000,1.4250E-003
1640.052800,1.4740E-003
1640.331600,1.5780E-003
1640.610400,1.6630E-003
1640.889200,1.6170E-003
1641.168000,1.5600E-003
1641.446800,1.4800E-003
1641.725600,1.4190E-003
1642.004400,1.5750E-003
1642.283200,1.3860E-003
1642.562000,1.2960E-003
1642.840800,1.3380E-003
1643.119600,1.2700E-003
1643.398400,1.3050E-003
1643.677200,1.3190E-003
1643.956000,1.1850E-003
1644.234800,1.2510E-003
1644.513600,1.3260E-003
1644.792400,1.2850E-003
1645.071200,1.2640E-003
1645.350000,1.1880E-003
1645.628800,1.2740E-003
1645.907600,1.3590E-003
1646.186400,1.3160E-003
1646.465200,1.2990E-003
1646.744000,1.2260E-003
1647.022800,1.2230E-003
1647.301600,1.2230E-003
1647.580400,1.1850E-003
1647.859200,1.2660E-003
1648.138000,1.1770E-003
1648.416800,1.1410E-003
1648.695600,1.1820E-003
1648.974400,1.1130E-003
1649.253200,1.0580E-003
1649.532000,1.1220E-003
1649.810800,1.1320E-003
1650.089600,9.6300E-004
1650.368400,1.0770E-003
1650.647200,1.0880E-003
1650.926000,1.0080E-003
1651.204800,1.0270E-003
1651.483600,1.0400E-003
1651.762400,9.8210E-004
1652.041200,1.0470E-003
1652.320000,1.0940E-003
1652.598800,9.8570E-004
1652.877600,9.8620E-004
1653.156400,9.9030E-004
1653.435200,9.3480E-004
1653.714000,8.5910E-004
1653.992800,9.4490E-004
1654.271600,8.8260E-004
1654.550400,8.5890E-004
1654.829200,9.1590E-004
1655.108000,8.5220E-004
1655.386800,8.4090E-004
1655.665600,8.8840E-004
1655.944400,8.4490E-004
1656.223200,8.0640E-004
1656.502000,8.3720E-004
1656.780800,8.0460E-004
1657.059600,8.7170E-004
1657.338400,8.6580E-004
1657.617200,8.1270E-004
1657.896000,8.1920E-004
1658.174800,8.1700E-004
1658.453600,8.2080E-004
1658.732400,7.3060E-004
1659.011200,7.5490E-004
1659.290000,7.1910E-004
1659.568800,6.6470E-004
1659.847600,6.9550E-004
1660.126400,7.1300E-004
1660.405200,6.2090E-004
1660.684000,6.8960E-004
1660.962800,6.5160E-004
1661.241600,6.2950E-004
1661.520400,6.4260E-004
1661.799200,6.1600E-004
1662.078000,6.3270E-004
1662.356800,6.2650E-004
1662.635600,6.4610E-004
1662.914400,5.9750E-004
1663.193200,6.0120E-004
1663.472000,6.1990E-004
1663.750800,5.8630E-004
1664.029600,5.4680E-004
1664.308400,5.9540E-004
1664.587200,5.8870E-004
1664.866000,5.0010E-004
1665.144800,5.0900E-004
1665.423600,4.9850E-004
1665.702400,5.3220E-004
1665.981200,5.1110E-004
1666.260000,4.8380E-004
1666.538800,4.6430E-004
1666.817600,4.9080E-004
1667.096400,4.6510E-004
1667.375200,4.5370E-004
1667.654000,4.7670E-004
1667.932800,4.3770E-004
1668.211600,4.6100E-004
1668.490400,4.5150E-004
1668.769200,4.4720E-004
1669.048000,4.2090E-004
1669.326800,4.2470E-004
1669.605600,4.3160E-004
1669.884400,4.0520E-004
1670.163200,4.1450E-004
1670.442000,3.9220E-004
1670.720800,3.9610E-004
1670.999600,3.7590E-004
1671.278400,3.9640E-004
1671.557200,3.8700E-004
1671.836000,3.5770E-004
1672.114800,3.7340E-004
1672.393600,3.6720E-004
1672.672400,3.5640E-004
1672.951200,3.5860E-004
1673.230000,3.2350E-004
1673.508800,3.1480E-004
1673.787600,3.3540E-004
1674.066400,3.3000E-004
1674.345200,3.0860E-004
1674.624000,3.0650E-004
1674.902800,3.1080E-004
1675.181600,2.9000E-004
1675.460400,3.0070E-004
1675.739200,3.0340E-004
1676.018000,2.8060E-004
1676.296800,2.8310E-004
1676.575600,2.8130E-004
1676.854400,2.6860E-004
1677.133200,2.5980E-004
1677.412000,2.7710E-004
1677.690800,2.6450E-004
1677.969600,2.7060E-004
1678.248400,2.6750E-004
1678.527200,2.6160E-004
1678.806000,2.5170E-004
1679.084800,2.4970E-004
1679.363600,2.4840E-004
1679.642400,2.3320E-004
1679.921200,2.4210E-004
1680.200000,2.3080E-004
1680.478800,2.2330E-004
1680.757600,2.3020E-004
1681.036400,2.2310E-004
1681.315200,2.1400E-004
1681.594000,2.1480E-004
1681.872800,2.1360E-004
1682.151600,2.0460E-004
1682.430400,1.9680E-004
1682.709200,2.1150E-004
1682.988000,1.9860E-004
1683.266800,1.9810E-004
1683.545600,1.9570E-004
1683.824400,1.9480E-004
1684.103200,1.8910E-004
1684.382000,1.8730E-004
1684.660800,1.8070E-004
1684.939600,1.8170E-004
1685.218400,1.7600E-004
1685.497200,1.7210E-004
1685.776000,1.6440E-004
1686.054800,1.7240E-004
1686.333600,1.6810E-004
1686.612400,1.5880E-004
1686.891200,1.6190E-004
1687.170000,1.5510E-004
1687.448800,1.5780E-004
1687.727600,1.4920E-004
1688.006400,1.5030E-004
1688.285200,1.5430E-004
1688.564000,1.4320E-004
1688.842800,1.4860E-004
1689.121600,1.4090E-004
1689.400400,1.3790E-004
1689.679200,1.4100E-004
1689.958000,1.4100E-004
1690.236800,1.3440E-004
1690.515600,1.3070E-004
1690.794400,1.3780E-004
1691.073200,1.2860E-004
1691.352000,1.2400E-004
1691.630800,1.2860E-004
1691.909600,1.2550E-004
1692.188400,1.2150E-004
1692.467200,1.2270E-004
1692.746000,1.2290E-004
1693.024800,1.1700E-004
1693.303600,1.1470E-004
1693.582400,1.1100E-004
1693.861200,1.0780E-004
1694.140000,1.1400E-004
1694.418800,1.1410E-004
1694.697600,1.1080E-004
1694.976400,1.0780E-004
1695.255200,1.0840E-004
1695.534000,1.0310E-004
1695.812800,1.0270E-004
1696.091600,9.7620E-005
1696.370400,1.0010E-004
1696.649200,9.7670E-005
1696.928000,9.8900E-005
1697.206800,9.7820E-005
1697.485600,9.5480E-005
1697.764400,9.2840E-005
1698.043200,9.6810E-005
1698.322000,9.0200E-005
1698.600800,9.3970E-005
1698.879600,9.1110E-005
1699.158400,8.2740E-005
1699.437200,8.2070E-005
1699.716000,8.2880E-005
1699.994800,8.2670E-005
1700.273600,8.2430E-005
1700.552400,7.5410E-005
1700.831200,8.1450E-005
1701.110000,7.8370E-005
1701.388800,8.1750E-005
1701.667600,8.0360E-005
1701.946400,7.7690E-005
1702.225200,7.6990E-005
1702.504000,7.8170E-005
1702.782800,7.8480E-005
1703.061600,7.4510E-005
1703.340400,7.3750E-005
1703.619200,7.6330E-005
1703.898000,7.2680E-005
1704.176800,7.1680E-005
1704.455600,7.1290E-005
1704.734400,7.0210E-005
1705.013200,6.8870E-005
1705.292000,6.8350E-005
1705.570800,6.5070E-005
1705.849600,6.5040E-005
1706.128400,6.3980E-005
1706.407200,6.3160E-005
1706.686000,6.3040E-005
1706.964800,6.5820E-005
1707.243600,6.3160E-005
1707.522400,6.0860E-005
1707.801200,6.1520E-005
1708.080000,6.1670E-005
1708.358800,5.9360E-005
1708.637600,5.9300E-005
1708.916400,5.8490E-005
1709.195200,5.8010E-005
1709.474000,5.8990E-005
1709.752800,5.9440E-005
1710.031600,5.9440E-005
1710.310400,5.6800E-005
1710.589200,5.7470E-005
1710.868000,5.7390E-005
1711.146800,5.3580E-005
1711.425600,5.5960E-005
1711.704400,5.2530E-005
1711.983200,5.3030E-005
1712.262000,5.1250E-005
1712.540800,5.2570E-005
1712.819600,5.0300E-005
1713.098400,4.9880E-005
1713.377200,5.0430E-005
1713.656000,4.7260E-005
1713.934800,4.8000E-005
1714.213600,4.6720E-005
1714.492400,4.6820E-005
1714.771200,4.4400E-005
1715.050000,4.3150E-005
1715.328800,4.6420E-005
1715.607600,4.6620E-005
1715.886400,4.5300E-005
1716.165200,4.6520E-005
1716.444000,4.4880E-005
1716.722800,4.2630E-005
1717.001600,4.3850E-005
1717.280400,4.4080E-005
1717.559200,4.2020E-005
1717.838000,4.0290E-005
1718.116800,4.1920E-005
1718.395600,4.0790E-005
1718.674400,3.9690E-005
1718.953200,4.1830E-005
1719.232000,3.8560E-005
1719.510800,3.8120E-005
1719.789600,3.9220E-005
1720.068400,3.8110E-005
1720.347200,3.7860E-005
1720.626000,3.6760E-005
1720.904800,3.7980E-005
1721.183600,3.6810E-005
1721.462400,3.7210E-005
1721.741200,3.7720E-005
1722.020000,3.6030E-005
1722.298800,3.8050E-005
1722.577600,3.7890E-005
1722.856400,3.7160E-005
1723.135200,3.8610E-005
1723.414000,3.7910E-005
1723.692800,3.6860E-005
1723.971600,3.6890E-005
1724.250400,3.6210E-005
1724.529200,3.6390E-005
1724.808000,3.6900E-005
1725.086800,3.2710E-005
1725.365600,3.5740E-005
1725.644400,3.4240E-005
1725.923200,3.2050E-005
1726.202000,3.4100E-005
1726.480800,2.9960E-005
1726.759600,3.4020E-005
1727.038400,3.2800E-005
1727.317200,3.3190E-005
1727.596000,3.1290E-005
1727.874800,3.2550E-005
1728.153600,3.0710E-005
1728.432400,3.1550E-005
1728.711200,3.1820E-005
1728.990000,3.2410E-005
1729.268800,3.1040E-005
1729.547600,3.0720E-005
1729.826400,3.0330E-005
1730.105200,3.1980E-005
1730.384000,3.1220E-005
1730.662800,3.0940E-005
1730.941600,3.0160E-005
1731.220400,2.9950E-005
1731.499200,3.1740E-005
1731.778000,3.0930E-005
1732.056800,3.1320E-005
1732.335600,2.9110E-005
1732.614400,2.8290E-005
1732.893200,2.7460E-005
1733.172000,2.5980E-005
1733.450800,2.8870E-005
1733.729600,2.6390E-005
1734.008400,2.9530E-005
1734.287200,2.5720E-005
1734.566000,2.7570E-005
1734.844800,2.6230E-005
1735.123600,2.8260E-005
1735.402400,2.6430E-005
1735.681200,2.7700E-005
1735.960000,2.8190E-005
1736.238800,3.0170E-005
1736.517600,2.8290E-005
1736.796400,2.9320E-005
1737.075200,2.8300E-005
1737.354000,2.9180E-005
1737.632800,2.7470E-005
1737.911600,2.8930E-005
1738.190400,2.7160E-005
1738.469200,2.7690E-005
1738.748000,2.6060E-005
1739.026800,2.5900E-005
1739.305600,2.8510E-005
1739.584400,2.5090E-005
1739.863200,2.5410E-005
1740.142000,2.5670E-005
1740.420800,2.5820E-005
1740.699600,2.5440E-005
1740.978400,2.2530E-005
1741.257200,2.7080E-005
1741.536000,2.7230E-005
1741.814800,2.4880E-005
1742.093600,2.5390E-005
1742.372400,2.8550E-005
1742.651200,2.4790E-005
1742.930000,2.5750E-005
1743.208800,2.8190E-005
1743.487600,3.0120E-005
1743.766400,2.5910E-005
1744.045200,2.5790E-005
1744.324000,2.4480E-005
1744.602800,2.5540E-005
1744.881600,2.6080E-005
1745.160400,2.2410E-005
1745.439200,2.2510E-005
1745.718000,2.2290E-005
1745.996800,2.4850E-005
1746.275600,2.0260E-005
1746.554400,2.2260E-005
1746.833200,2.3630E-005
1747.112000,2.3040E-005
1747.390800,2.0510E-005
1747.669600,2.2920E-005
1747.948400,2.4760E-005
1748.227200,2.0640E-005
1748.506000,2.2420E-005
1748.784800,2.5970E-005
1749.063600,2.0920E-005
1749.342400,2.3260E-005
1749.621200,2.4130E-005
1749.900000,2.3230E-005
